# WELL TRACE FROM PETREL 
# WELL NAME:              Volve F_F-14_F-14_F-14_ACTUAL
# DEFINITIVE SURVEY:      MD Incl Azim survey 1
# WELL HEAD X-COORDINATE: 435052.43800000 (m)
# WELL HEAD Y-COORDINATE: 6478562.31000000 (m)
# WELL DATUM (KB, Kelly bushing, from MSL): 54.90000000 (m)
# WELL TYPE:              OIL
# MD AND TVD ARE REFERENCED (=0) AT WELL DATUM AND INCREASE DOWNWARDS
# ANGLES ARE GIVEN IN DEGREES
# XYZ TRACE IS GIVEN IN COORDINATE SYSTEM ED50-UTM31 ("MENTOR:ED50-UTM31:European 1950 Based UTM, Zone 31 North, Meter") [SIS,501080]
# AZIM_TN: azimuth in True North 
# AZIM_GN: azimuth in Grid North 
# DX DY ARE GIVEN IN GRID NORTH IN m-UNITS
# DEPTH (Z, tvd_z) GIVEN IN m-UNITS
#===============================================================================================================================================
      MD            X            Y            Z           TVD           DX          DY        AZIM_TN        INCL         DLS        AZIM_GN
#===============================================================================================================================================
 145.90000000 435052.43800 6478562.3100 -91.00000000 145.90000000 0.0000000002 0.0000000000 359.05201660 0.0000000000 0.0000000000 0.0000000000
 150.49500000 435052.43834 6478562.3136 -95.59499811 150.49499811 0.0003407635 0.0035915170 4.4720165981 0.0900000000 0.5875952122 5.4200000000
 155.09000000 435052.43936 6478562.3244 -100.1899849 155.08998488 0.0013630524 0.0143660596 4.4720165981 0.1800000000 0.5875952122 5.4200000000
 175.26500000 435052.46164 6478562.3946 -120.3648475 175.26484753 0.0236421773 0.0846252963 25.529662797 0.2457899402 0.1504530801 26.477646198
 195.44000000 435052.51651 6478562.4793 -140.5395926 195.43959264 0.0785101503 0.1692504976 36.832016598 0.3300000000 0.1504530801 37.780000000
 215.62000000 435052.61554 6478562.5764 -160.7191088 215.61910883 0.1775376927 0.2664012397 50.125958728 0.4632096362 0.2394195529 51.073942130
 235.80000000 435052.77026 6478562.6842 -180.8982205 235.79822054 0.3322597558 0.3741912292 57.272016598 0.6100000000 0.2394195529 58.220000000
 249.26666667 435052.92562 6478562.7751 -194.3636663 249.26366626 0.4876232981 0.4651173102 59.666986469 0.9226986358 0.7000994784 60.614969871
 262.73333333 435053.14804 6478562.8969 -207.8279264 262.72792643 0.7100439485 0.5869316570 60.848594568 1.2361928541 0.7000994784 61.796577970
 276.20000000 435053.43752 6478563.0496 -221.2905960 276.19059598 0.9995150154 0.7396306060 61.552016598 1.5500000000 0.7000994784 62.500000000
 296.40000000 435053.92661 6478563.2921 -241.4832125 296.38321250 1.4886070882 0.9820770258 63.817016598 1.5487896119 0.0909664286 64.765000000
 316.60000000 435054.42490 6478563.5150 -261.6758290 316.57582903 1.9869023114 1.2049967274 66.082016598 1.5500000000 0.0909664286 67.030000000
 336.75000000 435054.95959 6478563.7271 -281.8176021 336.71760213 2.5215868920 1.4171147523 68.609896336 1.7236314300 0.2799090713 69.557879738
 356.90000000 435055.56033 6478563.9382 -301.9575226 356.85752258 3.1223330455 1.6282100314 70.672016598 1.9000000000 0.2799090713 71.620000000
 370.36666667 435056.05455 6478564.0599 -315.4144943 370.31449434 3.6165483371 1.7498856420 78.755944688 2.4441812350 1.3883241699 79.703928090
 383.83333333 435056.69002 6478564.1434 -328.8658225 383.76582252 4.2520224659 1.8334293850 83.834646663 3.0190597743 1.3883241699 84.782630065
 397.30000000 435057.46668 6478564.1888 -342.3099158 397.20991575 5.0286802503 1.8788313726 87.272016598 3.6100000000 1.3883241699 88.220000000
 410.76666667 435058.34028 6478564.2295 -355.7481241 410.64812408 5.9022810197 1.9195099883 85.553086930 3.8404435624 0.5704195700 86.501070332
 424.23333333 435059.26663 6478564.2989 -369.1826792 424.08267918 6.8286307695 1.9888873082 84.029683002 4.0739424098 0.5704195700 84.977666404
 437.70000000 435060.24571 6478564.3970 -382.6133127 437.51331274 7.8077109983 2.0869619418 82.672016598 4.3100000000 0.5704195700 83.620000000
 451.13333333 435061.22760 6478564.5455 -396.0098419 450.90984187 8.7895975822 2.2355291536 78.154031376 4.1784904790 0.8021464740 79.102014777
 464.56666667 435062.16733 6478564.7669 -409.4083897 464.30838965 9.7293312303 2.4569375869 73.374735710 4.0744426206 0.8021464740 74.322719112
 478.00000000 435063.06488 6478565.0612 -422.8084295 477.70842954 10.626875012 2.7511785431 68.382016598 4.0000000000 0.8021464740 69.330000000
 491.46666667 435063.89857 6478565.4217 -436.2443735 491.14437354 11.460571219 3.1116516227 62.773449886 3.7467165447 1.0145928556 63.721433288
 504.93333333 435064.64240 6478565.8401 -449.6839144 504.58391442 12.204402203 3.5301068984 56.423861655 3.5341455599 1.0145928556 57.371845057
 518.40000000 435065.29632 6478566.3165 -463.1262030 518.02620302 12.858320963 4.0065179337 49.362016598 3.3700000000 1.0145928556 50.310000000
 531.83333333 435065.84053 6478566.8115 -476.5393122 531.43931222 13.402534307 4.5015295511 43.761046888 2.9183294308 1.2187495905 44.709030289
 545.26666667 435066.25826 6478567.2883 -489.9576212 544.85762117 13.820261130 4.9782782383 36.216256269 2.5043655184 1.2187495905 37.164239671
 558.70000000 435066.54946 6478567.7467 -503.3799126 558.27991256 14.111463536 5.4367207475 25.952016598 2.1500000000 1.2187495905 26.900000000
 572.16666667 435066.74763 6478568.1520 -516.8389784 571.73897844 14.309633480 5.8420070959 24.037371240 1.6914792976 1.0312705750 24.985354642
 585.63333333 435066.88514 6478568.4671 -530.3012171 585.20121708 14.447143312 6.1570689995 20.706807641 1.2362452079 1.0312705750 21.654791043
 599.10000000 435066.96198 6478568.6919 -543.7657497 598.66574968 14.523984056 6.3818858899 13.562016598 0.7900000000 1.0312705750 14.510000000
 612.56666667 435067.01046 6478568.8447 -557.2314528 612.13145277 14.572456175 6.5346639631 20.889995415 0.5771279690 0.5117074700 21.837978817
 626.03333333 435067.06286 6478568.9436 -570.6976445 625.59764454 14.624863605 6.6336186929 36.096084789 0.3841571197 0.5117074700 37.044068191
 639.50000000 435067.11921 6478568.9887 -584.1641086 639.06410857 14.681205506 6.6787484894 71.702016598 0.2600000000 0.5117074700 72.650000000
 659.65000000 435067.20673 6478569.0151 -604.3139012 659.21390117 14.768726708 6.7050561877 72.942016602 0.2599391138 0.0083768977 73.890000004
 679.80000000 435067.29480 6478569.0395 -624.4636938 679.36369377 14.856796786 6.7294635084 74.182016598 0.2600000000 0.0083768977 75.130000000
 700.00000000 435067.38446 6478569.0622 -644.6634818 699.56348183 14.946459162 6.7521840557 75.470888230 0.2649354386 0.0114282768 76.418871632
 720.20000000 435067.47632 6478569.0833 -664.8632617 719.76326175 15.038318825 6.7733150246 76.712016598 0.2700000000 0.0114282768 77.660000000
 740.35000000 435067.57128 6478569.1005 -685.0130304 739.91303040 15.133279316 6.7904670872 80.844745969 0.2793222162 0.0325882052 81.792729371
 760.50000000 435067.67070 6478569.1114 -705.1627819 760.06278187 15.232704357 6.8013515873 84.692016598 0.2900000000 0.0325882052 85.640000000
 780.70000000 435067.77656 6478569.1079 -725.3625029 780.26250287 15.338558379 6.7979418878 96.620791505 0.3142833379 0.0999144032 97.568774906
 800.90000000 435067.89030 6478569.0822 -745.5621648 800.46216481 15.452301219 6.7721729046 106.48201660 0.3500000000 0.0999144032 107.43000000
 821.10000000 435067.99258 6478569.0155 -765.7617863 820.66178630 15.554580653 6.7054938832 137.03096686 0.3682262651 0.2822167251 137.97895026
 841.30000000 435068.06404 6478568.8894 -785.9612564 840.86125642 15.626043867 6.5793546466 159.27201660 0.4700000000 0.2822167251 160.22000000
 861.50000000 435068.12013 6478568.7326 -806.1605695 861.06056955 15.682132587 6.4225625964 159.46401656 0.4749973887 0.0077854634 160.41199996
 881.70000000 435068.17629 6478568.5739 -826.3598681 881.25986806 15.738289117 6.2639243174 159.65201660 0.4800000000 0.0077854634 160.60000000
 901.85000000 435068.22457 6478568.4244 -846.5092539 901.40925394 15.786565677 6.1144271269 162.89812800 0.4140864819 0.1050909767 163.84611140
 922.00000000 435068.25729 6478568.2943 -866.6588054 921.55880539 15.819292612 5.9842685750 167.35201660 0.3500000000 0.1050909767 168.30000000
 942.20000000 435068.28266 6478568.1817 -886.8584752 941.75847525 15.844658994 5.8717424432 165.19552934 0.3047091801 0.0696963157 166.14351274
 962.40000000 435068.30873 6478568.0857 -907.0582296 961.95822956 15.870730087 5.7757403869 162.29201660 0.2600000000 0.0696963157 163.24000000
 982.60000000 435068.33405 6478568.0013 -927.2580372 982.15803717 15.896049725 5.6913488470 162.41576664 0.2399993384 0.0297147583 163.36375004
 1002.8000000 435068.35716 6478567.9237 -947.4578743 1002.3578743 15.919161750 5.6136542354 162.56201660 0.2200000000 0.0297147583 163.51000000
 1023.0000000 435068.37699 6478567.8479 -967.6577224 1022.5577224 15.938988162 5.5379035901 166.17055999 0.2245733221 0.0218687283 167.11854340
 1043.2000000 435068.39245 6478567.7693 -987.8575635 1042.7575635 15.954450965 5.4593439493 169.62201660 0.2300000000 0.0218687283 170.57000000
 1063.3500000 435068.38902 6478567.6910 -1008.007408 1062.9074085 15.951023170 5.3809829373 193.69260950 0.2262437783 0.1417429037 194.64059290
 1083.5000000 435068.35224 6478567.6154 -1028.157231 1083.0572308 15.914243562 5.3054324649 214.84201660 0.2600000000 0.1417429037 215.79000000
 1103.7000000 435068.30014 6478567.5401 -1048.357023 1103.2570230 15.862137597 5.2301199008 212.61701660 0.2598039813 0.0149913232 213.56500000
 1123.9000000 435068.25100 6478567.4628 -1068.556815 1123.4568153 15.812995969 5.1528404448 210.39201660 0.2600000000 0.0149913232 211.34000000
 1144.0500000 435068.21119 6478567.3872 -1088.706633 1143.6066333 15.773185638 5.0772084426 202.71846407 0.2273177220 0.0686586394 203.66644747
 1164.2000000 435068.18684 6478567.3165 -1108.856494 1163.7564937 15.748837641 5.0064508375 192.72201660 0.2000000000 0.0686586394 193.67000000
 1184.4000000 435068.17499 6478567.2484 -1129.056375 1183.9563752 15.736992571 4.9383553825 184.98204872 0.1931294866 0.0406996860 185.93003213
 1204.6000000 435068.17277 6478567.1810 -1149.256263 1204.1562627 15.734773475 4.8710488798 176.83201660 0.1900000000 0.0406996860 177.78000000
 1224.8000000 435068.17644 6478567.1142 -1169.456152 1224.3561517 15.738442606 4.8042132705 174.98701659 0.1899015013 0.0090849256 175.93499999
 1245.0000000 435068.18226 6478567.0475 -1189.656041 1244.5560407 15.744262214 4.7375304885 173.14201660 0.1900000000 0.0090849256 174.09000000
 1265.2000000 435068.18943 6478566.9810 -1209.855930 1264.7559297 15.751432906 4.6709549883 172.66701657 0.1899934708 0.0023393150 173.61499998
 1285.4000000 435068.19716 6478566.9144 -1230.055819 1284.9558186 15.759155286 4.6044412237 172.19201660 0.1900000000 0.0023393150 173.14000000
 1305.6000000 435068.20563 6478566.8480 -1250.255708 1305.1557075 15.767625478 4.5380219286 171.37701658 0.1899807787 0.0040136826 172.32499998
 1325.8000000 435068.21504 6478566.7817 -1270.455596 1325.3555965 15.777039607 4.4717298420 170.56201660 0.1900000000 0.0040136826 171.51000000
 1345.9500000 435068.23531 6478566.7230 -1290.605499 1345.5054993 15.797308922 4.4129855512 148.23382108 0.1703235974 0.1077723086 149.18180448
 1366.1000000 435068.27639 6478566.6789 -1310.755408 1365.6554077 15.838393591 4.3688818486 124.59201660 0.1800000000 0.1077723086 125.54000000
 1386.3000000 435068.32827 6478566.6424 -1330.955308 1385.8553080 15.890273781 4.3323825989 123.76701660 0.1799813407 0.0038490893 124.71500000
 1406.5000000 435068.38067 6478566.6066 -1351.155208 1406.0552084 15.942674153 4.2966341665 122.94201660 0.1800000000 0.0038490893 123.89000000
 1426.6500000 435068.43296 6478566.5710 -1371.305109 1426.2051089 15.994962452 4.2609989513 123.71201660 0.1799837457 0.0036014137 124.66000000
 1446.8000000 435068.48477 6478566.5347 -1391.455010 1446.3550095 16.046767118 4.2246642392 124.48201660 0.1800000000 0.0036014137 125.43000000
 1487.2000000 435068.58815 6478566.4611 -1431.854810 1486.7548101 16.150148714 4.1511132643 124.48201660 0.1800000000 0.0000000000 125.43000000
 1507.3500000 435068.63933 6478566.4239 -1452.004711 1506.9047107 16.201331437 4.1139166802 125.63701659 0.1799634284 0.0054019173 126.58499999
 1527.5000000 435068.68975 6478566.3857 -1472.154611 1527.0546113 16.251753904 4.0756958537 126.79201660 0.1800000000 0.0054019173 127.74000000
 1547.7000000 435068.73962 6478566.3465 -1492.354512 1547.2545117 16.301621642 4.0364925899 127.65701659 0.1799794875 0.0040356979 128.60499999
 1567.9000000 435068.78889 6478566.3065 -1512.554412 1567.4544120 16.350891829 3.9965409199 128.52201660 0.1800000000 0.0040356979 129.47000000
 1588.0500000 435068.83770 6478566.2663 -1532.704313 1587.6043126 16.399703321 3.9562680470 128.63201657 0.1799996683 0.0005145027 129.57999997
 1608.2000000 435068.88644 6478566.2259 -1552.854213 1607.7542131 16.448437405 3.9159015361 128.74201660 0.1800000000 0.0005145027 129.69000000
 1628.4000000 435068.91143 6478566.1835 -1573.054148 1627.9541483 16.473429010 3.8734659739 177.54500386 0.1259041355 0.2014453726 178.49298726
 1648.6000000 435068.88877 6478566.1372 -1593.254078 1648.1540778 16.450771351 3.8271866655 223.01201660 0.1900000000 0.2014453726 223.96000000
 1668.8000000 435068.84237 6478566.0889 -1613.453967 1668.3539668 16.404373490 3.7789047370 222.81201657 0.1899988425 0.0009849841 223.75999997
 1689.0000000 435068.79614 6478566.0405 -1633.653856 1688.5538557 16.358144448 3.7304611420 222.61201660 0.1900000000 0.0009849841 223.56000000
 1709.1500000 435068.74967 6478565.9925 -1653.803745 1708.7037450 16.311668154 3.6824970590 223.68701660 0.1899665590 0.0053071256 224.63500001
 1729.3000000 435068.70230 6478565.9454 -1673.953634 1728.8536342 16.264300099 3.6354134493 224.76201660 0.1900000000 0.0053071256 225.71000000
 1749.5000000 435068.65454 6478565.8985 -1694.153523 1749.0535231 16.216542252 3.5884778555 224.33701658 0.1899947730 0.0020930761 225.28499998
 1769.7000000 435068.60713 6478565.8512 -1714.353412 1769.2534121 16.169133873 3.5411892962 223.91201660 0.1900000000 0.0020930761 224.86000000
 1789.8500000 435068.55966 6478565.8042 -1734.503301 1789.4033013 16.121657151 3.4942112220 224.79701661 0.1899773351 0.0043692046 225.74500001
 1810.0000000 435068.51146 6478565.7580 -1754.653191 1809.5531905 16.073460449 3.4479721012 225.68201660 0.1900000000 0.0043692046 226.63000000
 1830.2000000 435068.46252 6478565.7123 -1774.853079 1829.7530795 16.024517761 3.4022763595 226.35201661 0.1899870097 0.0032996279 227.30000002
 1850.4000000 435068.41304 6478565.6672 -1795.052968 1849.9529684 15.975044061 3.3571560737 227.02201660 0.1900000000 0.0032996279 227.97000000
 1870.6000000 435068.35921 6478565.6309 -1815.252863 1870.1528633 15.921213017 3.3208637936 243.45201660 0.1822415952 0.0798122005 244.40000000
 1890.8000000 435068.29720 6478565.6117 -1835.452758 1890.3527581 15.859198329 3.3016520990 259.88201660 0.1900000000 0.0798122005 260.83000000
 1910.9500000 435068.23121 6478565.6013 -1855.602647 1910.5026473 15.793207415 3.2913240893 260.43201661 0.1899912462 0.0027153912 261.38000002
 1931.1000000 435068.16512 6478565.5916 -1875.752537 1930.6525365 15.727120398 3.2816300290 260.98201660 0.1900000000 0.0027153912 261.93000000
 1951.3000000 435068.09876 6478565.5827 -1895.952425 1950.8524255 15.660760755 3.2727049990 261.80201661 0.1899805421 0.0040383048 262.75000001
 1971.5000000 435068.03228 6478565.5747 -1916.152314 1971.0523144 15.594280174 3.2647306183 262.62201660 0.1900000000 0.0040383048 263.57000000
 1991.6500000 435067.96614 6478565.5658 -1936.302204 1991.2022038 15.528141619 3.2557538589 260.02201660 0.1898044097 0.0128321866 260.97000000
 2011.8000000 435067.90048 6478565.5538 -1956.452093 2011.3520932 15.462478640 3.2437845599 257.42201660 0.1900000000 0.0128321866 258.37000000
 2032.1500000 435067.83659 6478565.5347 -1976.801984 2031.7019836 15.398589365 3.2246980956 247.33701660 0.1870643419 0.0490476364 248.28500000
 2052.5000000 435067.77707 6478565.5046 -1997.151874 2052.0518740 15.339070697 3.1946371468 237.25201660 0.1900000000 0.0490476364 238.20000000
 2072.5000000 435067.72091 6478565.4797 -2017.151779 2072.0517786 15.282907506 3.1696728840 254.05948808 0.1660777420 0.0857521554 255.00747148
 2092.5000000 435067.66511 6478565.4747 -2037.151699 2092.0516993 15.227112535 3.1646536961 274.14201660 0.1600000000 0.0857521554 275.09000000
 2105.9666667 435067.64868 6478565.5439 -2050.618118 2105.5181181 15.210678046 3.2339498485 0.9896958517 0.5760040486 1.3127391357 1.9376792536
 2119.4333333 435067.67426 6478565.7452 -2064.083197 2118.9831968 15.236264266 3.4351605875 8.9455214209 1.1543168242 1.3127391357 9.8935048228
 2132.9000000 435067.74187 6478566.0783 -2077.545511 2132.4455110 15.303868490 3.7682646271 11.572016598 1.7400000000 1.3127391357 12.520000000
 2146.3333333 435067.86013 6478566.5588 -2090.969622 2145.8696222 15.422132021 4.2488414794 13.790902465 2.4850379149 1.6735420387 14.738885867
 2159.7666667 435068.03812 6478567.2044 -2104.386146 2159.2861464 15.600123669 4.8944077697 14.985684006 3.2320808735 1.6735420387 15.933667407
 2173.2000000 435068.27581 6478568.0149 -2117.792789 2172.6927887 15.837812986 5.7048530672 15.732016598 3.9800000000 1.6735420387 16.680000000
 2183.3000000 435068.50821 6478568.7684 -2127.861809 2182.7618086 16.070206982 6.4583797771 16.560236400 4.9792246363 2.9741297130 17.508219802
 2193.4000000 435068.80305 6478569.6862 -2137.915534 2192.8155343 16.365054546 7.3762134779 17.112086131 5.9791390674 2.9741297130 18.060069533
 2203.5000000 435069.16027 6478570.7681 -2147.950896 2202.8508957 16.722265633 8.4580738721 17.506258401 6.9794468265 2.9741297130 18.454241803
 2213.6000000 435069.57973 6478572.0136 -2157.964828 2212.8648278 17.141731153 9.7036305610 17.802016598 7.9800000000 2.9741297130 18.750000000
 2233.7500000 435070.50250 6478574.6688 -2177.917651 2232.8176513 18.064497300 12.358837298 18.625549959 8.0641949212 0.2121088785 19.573533361
 2253.9000000 435071.47305 6478577.3385 -2197.866281 2252.7662808 19.035046324 15.028459162 19.432016598 8.1500000000 0.2121088785 20.380000000
 2274.1000000 435072.49313 6478580.0307 -2217.859906 2272.7599063 20.055130039 17.720741404 20.170370077 8.2443400867 0.2099385050 21.118353478
 2294.3000000 435073.55956 6478582.7406 -2237.848729 2292.7487287 21.121564846 20.430644844 20.892016598 8.3400000000 0.2099385050 21.840000000
 2307.7333333 435074.32319 6478584.6055 -2251.129885 2306.0298854 21.885189544 22.295516835 21.720377581 8.9218147910 1.3286321023 22.668360983
 2321.1666667 435075.16479 6478586.5840 -2264.389856 2319.2898557 22.726792465 24.274024621 22.447953494 9.5052413226 1.3286321023 23.395936896
 2334.6000000 435076.08428 6478588.6760 -2277.627210 2332.5272100 23.646282871 26.365954888 23.092016598 10.090000000 1.3286321023 24.040000000
 2344.7000000 435076.83876 6478590.3309 -2287.561934 2342.4619337 24.400761835 28.020883943 24.003268731 10.666779303 1.7811924690 24.951252133
 2354.8000000 435077.66097 6478592.0647 -2297.477797 2352.3777973 25.222972437 29.754700646 24.821876726 11.245927036 1.7811924690 25.769860128
 2364.9000000 435078.55082 6478593.8772 -2307.373715 2362.2737147 26.112824612 31.567215079 25.561150735 11.827095233 1.7811924690 26.509134137
 2375.0000000 435079.50822 6478595.7682 -2317.248602 2372.1486019 27.070220886 33.458228694 26.232016598 12.410000000 1.7811924690 27.180000000
 2385.0750000 435080.52529 6478597.7376 -2327.076542 2381.9765418 28.087291036 35.427595991 26.493610092 13.017170683 1.8160568627 27.441593494
 2395.1500000 435081.59906 6478599.7947 -2336.880429 2391.7804287 29.161062229 37.484713119 26.732267521 13.624580493 1.8160568627 27.680250923
 2405.2250000 435082.72941 6478601.9393 -2346.659152 2401.5591517 30.291412797 39.629346993 26.950918858 14.232198805 1.8160568627 27.898902260
 2415.3000000 435083.91621 6478604.1713 -2356.411603 2411.3116028 31.478214666 41.861254613 27.152016598 14.840000000 1.8160568627 28.100000000
 2425.4250000 435085.17815 6478606.4927 -2366.185464 2421.0854644 32.740150761 44.182651767 27.994032896 15.425884381 1.8540698046 28.942016298
 2435.5500000 435086.52183 6478608.8832 -2375.931715 2430.8317153 34.083831236 46.573150006 28.775725687 16.014714548 1.8540698046 29.723709088
 2445.6750000 435087.94710 6478611.3425 -2385.649193 2440.5491927 35.509095823 49.032464201 29.503258698 16.606176989 1.8540698046 30.451242100
 2455.8000000 435089.45377 6478613.8703 -2395.336738 2450.2367378 37.015774522 51.560301020 30.182016598 17.200000000 1.8540698046 31.130000000
 2465.8750000 435091.07888 6478616.4131 -2404.948709 2459.8487093 38.640879045 54.103097874 33.049023582 17.681741274 2.9329648950 33.997006984
 2475.9500000 435092.87449 6478618.9423 -2414.533872 2469.4338724 40.436492937 56.632295179 35.762884768 18.202814475 2.9329648950 36.710868170
 2486.0250000 435094.84009 6478621.4571 -2424.089394 2478.9893942 42.402085532 59.147145476 38.325809766 18.759939645 2.9329648950 39.273793168
 2496.1000000 435096.97508 6478623.9569 -2433.612451 2488.5124508 44.537075933 61.646905539 40.742016598 19.350000000 2.9329648950 41.690000000
 2504.1800000 435098.82560 6478625.9675 -2441.215898 2496.1158978 46.387601701 63.657502168 42.576125621 20.202815982 3.9156326386 43.524109023
 2512.2600000 435100.81677 6478628.0018 -2448.777367 2503.6773674 48.378768208 65.691793619 44.266230942 21.073172323 3.9156326386 45.214214344
 2520.3400000 435102.94790 6478630.0591 -2456.294298 2511.1942978 50.509900872 67.749090699 45.827047140 21.958980343 3.9156326386 46.775030542
 2528.4200000 435105.21828 6478632.1387 -2463.764142 2518.6641424 52.780277691 69.828696420 47.271734569 22.858440575 3.9156326386 48.219717971
 2536.5000000 435107.62713 6478634.2399 -2471.184370 2526.0843704 55.189129491 71.929906242 48.612016598 23.770000000 3.9156326386 49.560000000
 2544.5800000 435110.17485 6478636.3548 -2478.554124 2533.4541237 57.736848435 74.044801658 50.074379233 24.636029376 3.9105436580 51.022362635
 2552.6600000 435112.86178 6478638.4755 -2485.872566 2540.7725655 60.423781155 76.165460775 51.442732523 25.515294608 3.9105436580 52.390715924
 2560.7400000 435115.68702 6478640.6012 -2493.137223 2548.0372229 63.249019717 78.291167006 52.725278708 26.406469083 3.9105436580 53.673262110
 2568.8200000 435118.64961 6478642.7312 -2500.345641 2555.2456411 66.211609452 80.421202059 53.929460299 27.308382311 3.9105436580 54.877443701
 2576.9000000 435121.74855 6478644.8648 -2507.495384 2562.3953842 69.310549278 82.554846178 55.062016598 28.220000000 3.9105436580 56.010000000
 2587.0000000 435125.76822 6478647.5842 -2516.351917 2571.2519171 73.330215683 85.274216603 54.886849410 29.239699153 3.0391144559 55.834832812
 2597.1000000 435129.90943 6478650.4037 -2525.120641 2580.0206410 77.471429747 88.093723366 54.722479199 30.259612494 3.0391144559 55.670462601
 2607.2000000 435134.17087 6478653.3225 -2533.798760 2588.6987595 81.732870884 91.012467358 54.567844360 31.279718924 3.0391144559 55.515827762
 2617.3000000 435138.55118 6478656.3395 -2542.383505 2597.2835054 86.113180175 94.029517825 54.422016598 32.300000000 3.0391144559 55.370000000
 2626.9500000 435142.83507 6478659.3097 -2550.503129 2605.4031293 90.397066156 96.999697130 54.214261989 33.119528180 2.5715474687 55.162245391
 2636.6000000 435147.20314 6478662.3612 -2558.547322 2613.4473219 94.765143605 100.05124603 54.015424353 33.939386297 2.5715474687 54.963407755
 2646.2500000 435151.65450 6478665.4935 -2566.514407 2621.4144067 99.216502108 103.18352851 53.824868405 34.759550725 2.5715474687 54.772851807
 2655.9000000 435156.18821 6478668.7059 -2574.402723 2629.3027230 103.75021389 106.39589171 53.642016598 35.580000000 2.5715474687 54.590000000
 2661.9000000 435159.05480 6478670.7408 -2579.264078 2634.1640777 106.61679850 108.43082945 53.720885183 36.183283895 3.0252609719 54.668868585
 2667.9000000 435161.96575 6478672.8013 -2584.088134 2638.9881341 109.52774786 110.49132704 53.797515150 36.786618054 3.0252609719 54.745498552
 2673.9000000 435164.92074 6478674.8872 -2588.874354 2643.7743542 112.48273737 112.57715470 53.872016598 37.390000000 3.0252609719 54.820000000
 2684.9233333 435170.44653 6478678.7705 -2597.584437 2652.4844366 118.00852508 116.46046524 54.034358956 38.209788958 2.2474271604 54.982342358
 2695.9466667 435176.08466 6478682.7093 -2606.196950 2661.0969498 123.64666485 120.39934631 54.190904110 39.029793494 2.2474271604 55.138887512
 2706.9700000 435181.83399 6478686.7030 -2614.710105 2669.6101047 129.39598546 124.39297968 54.342016598 39.850000000 2.2474271604 55.290000000
 2727.0650000 435192.44856 6478694.0246 -2630.118439 2685.0184386 140.01055954 131.71463382 54.567811642 40.019782438 0.3332700833 55.515795044
 2747.1600000 435203.12948 6478701.3303 -2645.488432 2700.3884316 150.69147827 139.02031779 54.792016598 40.190000000 0.3332700833 55.740000000
 2761.5700000 435210.78427 6478706.5688 -2656.513424 2711.4134242 158.34627042 144.25877341 54.540901242 39.979450389 0.5526901499 55.488884644
 2775.9800000 435218.38260 6478711.8178 -2667.572396 2722.4723962 165.94459830 149.50784901 54.287577987 39.769447409 0.5526901499 55.235561389
 2790.3900000 435225.92430 6478717.0774 -2678.665110 2733.5651102 173.48629878 154.76743190 54.032016598 39.560000000 0.5526901499 54.980000000
 2800.4800000 435231.26386 6478720.7758 -2686.384335 2741.2843351 178.82585556 158.46581953 54.649216183 40.618015470 3.3603522486 55.597199585
 2810.5700000 435236.75934 6478724.4971 -2693.982082 2748.8820818 184.32133646 162.18711091 55.240358060 41.679177776 3.3603522486 56.188341462
 2820.6600000 435242.40860 6478728.2399 -2701.455394 2756.3553939 189.97060324 165.92985812 55.807372085 42.743245557 3.3603522486 56.755355487
 2830.7500000 435248.20946 6478732.0026 -2708.801364 2763.7013637 195.77145782 169.69260490 56.352016598 43.810000000 3.3603522486 57.300000000
 2838.7340000 435252.91517 6478735.0007 -2714.509945 2769.4099453 200.47716833 172.69074981 56.743379755 44.901606720 4.2285925052 57.691363157
 2846.7180000 435257.73213 6478738.0246 -2720.111091 2775.0110909 205.29413420 175.71459668 57.120049581 45.994499879 4.2285925052 58.068032983
 2854.7020000 435262.65850 6478741.0730 -2725.602640 2780.5026395 210.22049720 178.76297899 57.483082388 47.088585638 4.2285925052 58.431065790
 2862.6860000 435267.69236 6478744.1447 -2730.982473 2785.8824728 215.25435686 181.83472075 57.833443424 48.183778420 4.2285925052 58.781426826
 2870.6700000 435272.83177 6478747.2386 -2736.248515 2791.1485152 220.39377126 184.92863698 58.172016598 49.280000000 4.2285925052 59.120000000
 2878.8400000 435278.18417 6478750.4409 -2741.522706 2796.4227061 225.74617280 188.13093148 58.148738637 50.303991529 3.7606333729 59.096722039
 2887.0100000 435283.61527 6478753.6933 -2746.684550 2801.5845498 231.17727453 191.38326411 58.126141334 51.327987569 3.7606333729 59.074124736
 2895.1800000 435289.12334 6478756.9946 -2751.732397 2806.6323970 236.68534122 194.68459576 58.104181443 52.351987835 3.7606333729 59.052164845
 2903.3500000 435294.70661 6478760.3439 -2756.664635 2811.5646352 242.26861305 198.03387165 58.082818916 53.375992061 3.7606333729 59.030802318
 2911.5200000 435300.36331 6478763.7400 -2761.479688 2816.3796883 247.92530620 201.43002170 58.062016598 54.400000000 3.7606333729 59.010000000
 2919.3760000 435305.87427 6478767.0535 -2765.989227 2820.8892268 253.43627342 204.74350352 58.009372220 55.535958920 4.3410506372 58.957355622
 2927.2320000 435311.45770 6478770.4174 -2770.370351 2825.2703514 259.01970378 208.10744700 57.958141558 56.671939803 4.3410506372 58.906124960
 2935.0880000 435317.11140 6478773.8305 -2774.621337 2829.5213374 264.67339948 211.52052798 57.908229732 57.807941173 4.3410506372 58.856213134
 2942.9440000 435322.83314 6478777.2914 -2778.740511 2833.6405114 270.39513502 214.98140297 57.859548700 58.943961663 4.3410506372 58.807532102
 2950.8000000 435328.62066 6478780.7987 -2782.726252 2837.6262522 276.18265816 218.48870965 57.812016598 60.080000000 4.3410506372 58.760000000
 2960.9725000 435336.20409 6478785.3808 -2787.718000 2842.6179997 283.76608930 223.07084319 58.007724762 61.144601806 3.1796654280 58.955708164
 2971.1450000 435343.88118 6478789.9842 -2792.544185 2847.4441847 291.44317963 227.67421219 58.199465150 62.209480443 3.1796654280 59.147448551
 2981.3175000 435351.64921 6478794.6072 -2797.203098 2852.1030981 299.21121075 232.29718664 58.387484849 63.274618604 3.1796654280 59.335468251
 2991.4900000 435359.50543 6478799.2481 -2801.693090 2856.5930904 307.06743204 236.93812957 58.572016598 64.340000000 3.1796654280 59.520000000
 2999.6260000 435365.87593 6478802.9053 -2805.185436 2860.0854362 313.43793031 240.59526129 59.811545748 64.822128521 4.4945705551 60.759529150
 3007.7620000 435372.34957 6478806.4384 -2808.615162 2863.5151620 319.91157464 244.12838271 61.041204305 65.314499224 4.4945705551 61.989187706
 3015.8980000 435378.92344 6478809.8459 -2811.980715 2866.8807154 326.48543520 247.53589483 62.261090218 65.816804755 4.4945705551 63.209073620
 3024.0340000 435385.59454 6478813.1263 -2815.280573 2870.1805733 333.15653679 250.81625546 63.471317778 66.328739521 4.4945705551 64.419301180
 3032.1700000 435392.35986 6478816.2780 -2818.513242 2873.4132424 339.92186020 253.96797999 64.672016598 66.850000000 4.4945705551 65.620000000
 3040.2940000 435399.20483 6478819.3001 -2821.670945 2876.5709452 346.76683029 256.99011692 65.785618993 67.405304507 4.3082212340 66.733602395
 3048.4180000 435406.13510 6478822.2010 -2824.755453 2879.6554526 353.69710084 259.89095442 66.890213680 67.968224449 4.3082212340 67.838197082
 3056.5420000 435413.14780 6478824.9793 -2827.765486 2882.6654858 360.70979855 262.66928979 67.986003210 68.538490291 4.3082212340 68.933986612
 3064.6660000 435420.24002 6478827.6340 -2830.699797 2885.5997968 367.80201591 265.32397114 69.073198202 69.115836179 4.3082212340 70.021181604
 3072.7900000 435427.40881 6478830.1639 -2833.557169 2888.4571690 374.97081246 267.85389781 70.152016598 69.700000000 4.3082212340 71.100000000
 3082.7025000 435436.23555 6478833.1236 -2836.951879 2891.8518793 383.79754821 270.81361473 70.876792516 70.245760751 2.6410990179 71.824775918
 3092.6150000 435445.12934 6478835.9816 -2840.257489 2895.1574894 392.69134435 273.67161396 71.596613717 70.794417927 2.6410990179 72.544597118
 3102.5275000 435454.08814 6478838.7372 -2843.473232 2898.3732324 401.65013774 276.42723252 72.311636488 71.345865665 2.6410990179 73.259619890
 3112.4400000 435463.10985 6478841.3898 -2846.598362 2901.4983625 410.67185018 279.07983119 73.022016598 71.900000000 2.6410990179 73.970000000
 3122.7125000 435472.51529 6478844.0708 -2849.729887 2904.6298874 420.07728542 281.76075370 73.262182543 72.602086592 2.1564560178 74.210165945
 3132.9850000 435481.96807 6478846.7225 -2852.741272 2907.6412715 429.53006567 284.41254544 73.500510805 73.304458224 2.1564560178 74.448494207
 3143.2575000 435491.46662 6478849.3448 -2855.632015 2910.5320147 439.02862091 287.03476600 73.737092525 74.007100654 2.1564560178 74.685075927
 3153.5300000 435501.00937 6478851.9370 -2858.401637 2913.3016367 448.57137355 289.62697984 73.972016598 74.710000000 2.1564560178 74.920000000
 3163.5625000 435510.38611 6478854.3851 -2860.983454 2915.8834535 457.94810727 292.07507902 74.865824200 75.465156627 3.4306660067 75.813807602
 3173.5950000 435519.83206 6478856.6950 -2863.436988 2918.3369876 467.39405933 294.38501611 75.753530478 76.223677424 3.4306660067 76.701513880
 3183.6275000 435529.34344 6478858.8659 -2865.761255 2920.6612552 476.90544253 296.55586496 76.635480496 76.985358507 3.4306660067 77.583463898
 3193.6600000 435538.91644 6478860.8968 -2867.955324 2922.8553244 486.47844344 298.58675524 77.512016598 77.750000000 3.4306660067 78.460000000
 3203.5475000 435548.40787 6478862.7584 -2869.990291 2924.8902909 495.96986870 300.44842825 78.396222185 78.496210160 3.4667826129 79.344205587
 3213.4350000 435557.95213 6478864.4784 -2871.898846 2926.7988457 505.51413110 302.16836757 79.275744403 79.245072813 3.4667826129 80.223727804
 3223.3225000 435567.54544 6478866.0559 -2873.680230 2928.5802298 515.10743516 303.74588924 80.150903200 79.996398324 3.4667826129 81.098886602
 3233.2100000 435577.18397 6478867.4904 -2875.333735 2930.2337349 524.74596591 305.18036594 81.022016598 80.750000000 3.4667826129 81.970000000
 3243.2325000 435586.98639 6478868.8017 -2876.937919 2931.8379194 534.54838691 306.49170889 81.842580764 80.829745567 2.4362224881 82.790564166
 3253.2550000 435596.80881 6478869.9728 -2878.528173 2933.4281728 544.37081078 307.66283430 82.662772018 80.911339191 2.4362224881 83.610755420
 3263.2775000 435606.64926 6478871.0035 -2880.104174 2935.0041742 554.21125551 308.69350586 83.482585483 80.994763309 2.4362224881 84.430568885
 3273.3000000 435616.50574 6478871.8935 -2881.665606 2936.5656056 564.06773544 309.58351560 84.302016598 81.080000000 2.4362224881 85.250000000
 3283.7175000 435626.74350 6478872.7395 -2883.374430 2938.2744305 574.30549565 310.42953568 84.353978279 80.037486946 3.0058239516 85.301961680
 3294.1350000 435636.94935 6478873.5736 -2885.269941 2940.1699406 584.51134974 311.26357186 84.406273203 78.994981972 3.0058239516 85.354256605
 3304.5525000 435647.11991 6478874.3953 -2887.351507 2942.2515071 594.68191080 312.08534735 84.458939566 77.952486007 3.0058239516 85.406922968
 3314.9700000 435657.25180 6478875.2046 -2889.618439 2944.5184391 604.81380363 312.89458945 84.512016598 76.910000000 3.0058239516 85.460000000
 3325.0700000 435667.02998 6478875.9760 -2892.012386 2946.9123863 614.59198095 313.66596493 84.570962316 75.667476398 3.6945816477 85.518945718
 3335.1700000 435676.75492 6478876.7330 -2894.618537 2949.5185367 624.31691501 314.42301908 84.630564991 74.424967503 3.6945816477 85.578548393
 3345.2700000 435686.42202 6478877.4754 -2897.435662 2952.3356620 633.98402276 315.16539512 84.690892708 73.182474839 3.6945816477 85.638876109
 3355.3700000 435696.02675 6478878.2027 -2900.462435 2955.3624346 643.58874842 315.89274320 84.752016598 71.940000000 3.6945816477 85.700000000
 3368.8900000 435708.83194 6478879.1753 -2904.676238 2959.5762381 656.39394042 316.86527588 84.665550276 71.739960901 0.4798535963 85.613533678
 3382.4100000 435721.62091 6478880.1660 -2908.934863 2963.8348632 669.18290887 317.85601239 84.578884533 71.539960718 0.4798535963 85.526867935
 3395.9300000 435734.39347 6478881.1749 -2913.238249 2968.1382492 681.95547159 318.86493861 84.492016598 71.340000000 0.4798535963 85.440000000
 3405.9850000 435743.86432 6478881.9080 -2916.525136 2971.4251358 691.42631600 319.59804408 84.760153493 70.499378151 2.6195480945 85.708136895
 3416.0400000 435753.28942 6478882.5930 -2919.951048 2974.8510481 700.85141746 320.28302365 85.031090767 69.659155286 2.6195480945 85.979074169
 3426.0950000 435762.66656 6478883.2297 -2923.515182 2978.4151819 710.22856285 320.91971649 85.304989503 68.819354562 2.6195480945 86.252972905
 3436.1500000 435771.99355 6478883.8180 -2927.216700 2982.1167000 719.55555030 321.50797309 85.582016598 67.980000000 2.6195480945 86.530000000
 3446.2375000 435781.30489 6478884.3325 -2931.054543 2985.9545433 728.86688746 322.02252210 86.197517842 67.296327625 2.6456833333 87.145501243
 3456.3250000 435790.57492 6478884.7445 -2935.003235 2989.9032345 738.13692225 322.43446170 86.819184833 66.615033100 2.6456833333 87.767168235
 3466.4125000 435799.80142 6478885.0537 -2939.061822 2993.9618218 747.36341991 322.74369257 87.447266397 65.936221226 2.6456833333 88.395249799
 3476.5000000 435808.98216 6478885.2601 -2943.229327 2998.1293269 756.54415621 322.95014018 88.082016598 65.260000000 2.6456833333 89.030000000
 3486.0675000 435817.63748 6478885.3890 -2947.297693 3002.1976932 765.19948143 323.07900597 88.316793493 64.409409205 2.7490900104 89.264776895
 3495.6350000 435826.23195 6478885.4815 -2951.494131 3006.3941311 773.79395397 323.17149403 88.554932222 63.559198550 2.7490900104 89.502915624
 3505.2025000 435834.76356 6478885.5376 -2955.817658 3010.7176581 782.32556152 323.22758270 88.796611089 62.709388380 2.7490900104 89.744594490
 3514.7700000 435843.23031 6478885.5573 -2960.267262 3015.1672617 790.79230646 323.24725885 89.042016598 61.860000000 2.7490900104 89.990000000
 3525.0650000 435852.25386 6478885.5322 -2965.217102 3020.1171024 799.81585512 323.22222548 89.381805527 60.663611050 3.5927900750 90.329788929
 3535.3600000 435861.17185 6478885.4540 -2970.354270 3025.2542697 808.73385313 323.14397875 89.729662318 59.468103197 3.5927900750 90.677645720
 3545.6550000 435869.98017 6478885.3226 -2975.676385 3030.5763849 817.54217117 323.01255488 90.086185255 58.273542502 3.5927900750 91.034168657
 3555.9500000 435878.67473 6478885.1380 -2981.180984 3036.0809837 826.23673071 322.82801473 90.452016598 57.080000000 3.5927900750 91.400000000
 3564.0060000 435885.39080 6478884.9588 -2985.622589 3040.5225886 832.95280165 322.64884911 90.709813806 56.000818368 4.0978260592 91.657797208
 3572.0620000 435892.02123 6478884.7517 -2990.189955 3045.0899551 839.58323306 322.44173216 90.974244548 54.922188304 4.0978260592 91.922227950
 3580.1180000 435898.56358 6478884.5167 -2994.881398 3049.7813984 846.12557935 322.20674028 91.245759363 53.844147582 4.0978260592 92.193742765
 3588.1740000 435905.01543 6478884.2540 -2999.695188 3054.5951883 852.57742739 321.94396013 91.524842735 52.766736863 4.0978260592 92.472826137
 3596.2300000 435911.37440 6478883.9635 -3004.629549 3059.5295491 858.93639745 321.65348865 91.812016598 51.690000000 4.0978260592 92.760000000
 3606.6900000 435919.52527 6478883.5484 -3011.168218 3066.0682180 867.08727135 321.23841811 92.123978543 50.928682888 2.2924673986 93.071961945
 3617.1500000 435927.58636 6478883.0934 -3017.814730 3072.7147302 875.14835512 320.78342865 92.442740940 50.168215055 2.2924673986 93.390724342
 3627.6100000 435935.55608 6478882.5986 -3024.567792 3079.4677924 883.11807995 320.28860882 92.768636444 49.408639066 2.2924673986 93.716619845
 3638.0700000 435943.43289 6478882.0641 -3031.426090 3086.3260902 890.99489483 319.75405492 93.102016598 48.650000000 2.2924673986 94.050000000
 3651.5100000 435953.52097 6478881.3617 -3040.274760 3095.1747600 901.08296790 319.05172714 92.967283859 48.996512594 0.8059088342 93.915267261
 3664.9500000 435963.66386 6478880.6794 -3049.062075 3103.9620749 911.22585866 318.36941997 92.833960863 49.343180421 0.8059088342 93.781944265
 3678.3900000 435973.86116 6478880.0172 -3057.787686 3112.6876861 921.42316438 317.70716051 92.702016598 49.690000000 0.8059088342 93.650000000
 3698.6150000 435989.27382 6478879.0238 -3070.839366 3125.7393663 936.83581790 316.71378403 92.777280865 49.929975819 0.3660329424 93.725264267
 3718.8400000 436004.73956 6478878.0067 -3083.826215 3138.7262152 952.30155602 315.69665602 92.852016598 50.170000000 0.3660329424 93.800000000
 3724.3500000 436008.96163 6478877.7273 -3087.353774 3142.2537738 956.52362611 315.41733561 92.821996977 50.214996138 0.2752894583 93.769980379
 3729.8600000 436013.18660 6478877.4500 -3090.878007 3145.7780069 960.74860417 315.14004461 92.792016598 50.260000000 0.2752894583 93.740000000
 3750.0000000 436028.63494 6478876.4402 -3103.753606 3158.6536057 976.19693778 314.13020744 92.792016598 50.260000000 0.0000000000 93.740000000
