# WELL TRACE FROM PETREL 
# WELL NAME:              Volve F_F-15_F-15C_F-15C_ACTUAL
# DEFINITIVE SURVEY:      MD Incl Azim survey 1
# WELL HEAD X-COORDINATE: 435053.55200000 (m)
# WELL HEAD Y-COORDINATE: 6478560.35500000 (m)
# WELL DATUM (KB, Kelly bushing, from MSL): 54.90000000 (m)
# WELL TYPE:              OIL
# MD AND TVD ARE REFERENCED (=0) AT WELL DATUM AND INCREASE DOWNWARDS
# ANGLES ARE GIVEN IN DEGREES
# XYZ TRACE IS GIVEN IN COORDINATE SYSTEM ED50-UTM31 ("MENTOR:ED50-UTM31:European 1950 Based UTM, Zone 31 North, Meter") [SIS,501080]
# AZIM_TN: azimuth in True North 
# AZIM_GN: azimuth in Grid North 
# DX DY ARE GIVEN IN GRID NORTH IN m-UNITS
# DEPTH (Z, tvd_z) GIVEN IN m-UNITS
#===============================================================================================================================================
      MD            X            Y            Z           TVD           DX          DY        AZIM_TN        INCL         DLS        AZIM_GN
#===============================================================================================================================================
 145.90000000 435053.55200 6478560.3550 -91.00000000 145.90000000 0.0000000003 0.0000000000 359.05203350 0.0000000000 0.0000000000 0.0000000000
 149.65000000 435053.54965 6478560.3543 -94.74999893 149.64999893 -0.002354775 -0.000689032 252.74203350 0.0750000000 0.6000000000 253.69000000
 153.40000000 435053.54258 6478560.3522 -98.49999143 153.39999143 -0.009419098 -0.002756122 252.74203350 0.1500000000 0.6000000000 253.69000000
 180.33333333 435053.49846 6478560.3176 -125.4332615 180.33326146 -0.053537876 -0.037436495 201.60799555 0.1142156361 0.1320011699 202.55596205
 207.26666667 435053.50141 6478560.2531 -152.3665127 207.26651266 -0.050594084 -0.101887363 160.59775311 0.1779846759 0.1320011699 161.54571961
 234.20000000 435053.55141 6478560.1589 -179.2996298 234.19962982 -0.000587735 -0.196108448 145.07203350 0.2800000000 0.1320011699 146.02000000
 254.40000000 435053.64034 6478560.0479 -199.4991124 254.39911243 0.0883350127 -0.307090910 137.84900245 0.5284915961 0.3759997985 138.79696895
 274.60000000 435053.79680 6478559.8786 -219.6977797 274.59777974 0.2447955154 -0.476377559 135.26203350 0.7800000000 0.3759997985 136.21000000
 288.06666667 435053.94735 6478559.7330 -233.1628066 288.06280657 0.3953487808 -0.622045022 131.43350526 1.0042664480 0.5166751197 132.38147176
 301.53333333 435054.14537 6478559.5605 -246.6269024 301.52690238 0.5933688399 -0.794462094 129.00933854 1.2313750167 0.5166751197 129.95730503
 315.00000000 435054.39085 6478559.3614 -260.0898465 314.98984653 0.8388524480 -0.993625960 127.34203350 1.4600000000 0.5166751197 128.29000000
 328.43333333 435054.72495 6478559.1101 -273.5165965 328.41659648 1.1729483892 -1.244901118 125.06906465 2.1085793955 1.4567539847 126.01703114
 341.86666667 435055.19011 6478558.7803 -286.9377417 341.83774168 1.6381090419 -1.574682930 123.86611628 2.7589141102 1.4567539847 124.81408277
 355.30000000 435055.78627 6478558.3721 -300.3515426 355.25154256 2.2342741153 -1.982928650 123.12203350 3.4100000000 1.4567539847 124.07000000
 368.76666667 435056.49932 6478557.8775 -313.7901460 368.69014596 2.9473214186 -2.477450750 124.37072455 3.9820791665 1.2869124193 125.31869105
 382.23333333 435057.31184 6478557.2912 -327.2193988 382.11939875 3.7598438487 -3.063839559 125.30581320 4.5555703439 1.2869124193 126.25377969
 395.70000000 435058.22376 6478556.6130 -340.6379358 395.53793579 4.6717588091 -3.742035469 126.03203350 5.1300000000 1.2869124193 126.98000000
 409.16666667 435059.16650 6478555.8465 -354.0496142 408.94961425 5.6144967501 -4.508514262 130.25456563 5.2335488760 0.8801029681 131.20253212
 422.63333333 435060.07152 6478554.9952 -367.4587758 422.35877580 6.5195186572 -5.359771163 134.29294247 5.3641899559 0.8801029681 135.24090896
 436.10000000 435060.93878 6478554.0592 -380.8647829 435.76478293 7.3867815024 -6.295765692 138.12203350 5.5200000000 0.8801029681 139.07000000
 448.86666667 435061.70576 6478553.1018 -393.5723023 448.47230227 8.1537613568 -7.253189524 142.58636277 5.5203442388 1.0089023648 143.53432926
 461.63333333 435062.39813 6478552.0846 -406.2794575 461.17945745 8.8461308872 -8.270436455 147.02349208 5.5538755717 1.0089023648 147.97145858
 474.40000000 435063.01585 6478551.0076 -418.9855350 473.88553496 9.4638512164 -9.347449359 151.38203350 5.6200000000 1.0089023648 152.33000000
 487.86666667 435063.59657 6478549.8031 -432.3855799 487.28557993 10.044569529 -10.55187490 155.18413860 5.7868951056 0.9199810506 156.13210510
 501.33333333 435064.11429 6478548.5250 -445.7813785 500.68137854 10.562292044 -11.82997647 158.75922064 5.9776295510 0.9199810506 159.70718713
 514.80000000 435064.56899 6478547.1733 -459.1722349 514.07223487 11.016991866 -13.18168767 162.10203350 6.1900000000 0.9199810506 163.05000000
 528.90000000 435064.97930 6478545.6772 -473.1865366 528.08653664 11.427296954 -14.67780211 165.26428051 6.4527737566 0.9279059072 166.21224701
 543.00000000 435065.32403 6478544.0965 -487.1933124 542.09331239 11.772032258 -16.25850014 168.17209805 6.7334901279 0.9279059072 169.12006455
 557.10000000 435065.60318 6478542.4313 -501.1917506 556.09175063 12.051177805 -17.92369018 170.84203350 7.0300000000 0.9279059072 171.79000000
 570.56666667 435065.83057 6478540.7718 -514.5537579 569.45375787 12.278570154 -19.58318101 171.64412758 7.2653865060 0.5695503597 172.59209407
 584.03333333 435066.04218 6478539.0548 -527.9087482 582.80874821 12.490184593 -21.30020652 172.39600642 7.5020935587 0.5695503597 173.34397292
 597.50000000 435066.23802 6478537.2803 -541.2564557 596.15645572 12.686016907 -23.07473253 173.10203350 7.7400000000 0.5695503597 174.05000000
 610.93333333 435066.42569 6478535.4523 -554.5634156 609.46341559 12.873688388 -24.90268239 173.27551927 7.9899340531 0.5606769387 174.22348577
 624.36666667 435066.61375 6478533.5661 -567.8622292 622.76222918 13.061750970 -26.78890629 173.43854542 8.2399360540 0.5606769387 174.38651192
 637.80000000 435066.80220 6478531.6216 -581.1526412 636.05264117 13.250201042 -28.73336802 173.59203350 8.4900000000 0.5606769387 174.54000000
 658.00000000 435067.07555 6478528.6137 -601.1253878 656.02538775 13.523547552 -31.74131247 174.12022727 8.7146535827 0.3536708933 175.06819377
 678.20000000 435067.32825 6478525.5253 -621.0861150 675.98611503 13.776251874 -34.82971453 174.62203350 8.9400000000 0.3536708933 175.57000000
 698.35000000 435067.54595 6478522.3682 -640.9858645 695.88586453 13.993950630 -37.98684210 175.58242957 9.1387912934 0.3715613996 176.53039607
 718.50000000 435067.71548 6478519.1386 -660.8744412 715.77444123 14.163480723 -41.21644647 176.50203350 9.3400000000 0.3715613996 177.45000000
 731.96666667 435067.75826 6478516.9233 -674.1574126 729.05741257 14.206257675 -43.43166218 179.34900299 9.6119754199 1.2070262720 180.29696948
 745.43333333 435067.69218 6478514.6431 -687.4292660 742.32926600 14.140180248 -45.71194129 182.03468674 9.9059412682 1.2070262720 182.98265324
 758.90000000 435067.51725 6478512.2979 -700.6888147 755.58881467 13.965254350 -48.05707988 184.56203350 10.220000000 1.2070262720 185.51000000
 769.00000000 435067.30562 6478510.4848 -710.6223235 765.52232351 13.753622962 -49.87021382 186.81464918 10.616735125 1.6887726267 187.76261567
 779.10000000 435067.01476 6478508.6118 -720.5426967 775.44269671 13.462762584 -51.74324729 188.90390337 11.028353110 1.6887726267 189.85186986
 789.20000000 435066.64470 6478506.6790 -730.4489575 785.34895746 13.092701858 -53.67599585 190.84232493 11.453249270 1.6887726267 191.79029143
 799.30000000 435066.19548 6478504.6867 -740.3401303 795.24013029 12.643477223 -55.66826919 192.64203350 11.890000000 1.6887726267 193.59000000
 812.76666667 435065.47841 6478501.9385 -753.5035719 808.40357190 11.926407148 -58.41648687 194.66175034 12.473579823 1.6096460008 195.60971683
 826.23333333 435064.63072 6478499.0861 -766.6370243 821.53702432 11.078723066 -61.26892359 196.50169756 13.070844031 1.6096460008 197.44966406
 839.70000000 435063.65256 6478496.1299 -779.7383989 834.63839887 10.100559787 -64.22512572 198.18203350 13.680000000 1.6096460008 199.13000000
 853.13333333 435062.57058 6478493.0856 -792.7770947 847.67709468 9.0185788291 -67.26940402 199.03935151 14.163912086 1.1747517446 199.98731801
 866.56666667 435061.40624 6478489.9539 -805.7879439 860.68794392 7.8542383021 -70.40109836 199.84098775 14.650670288 1.1747517446 200.78895424
 880.00000000 435060.15964 6478486.7351 -818.7698499 873.66984993 6.6076363481 -73.61994479 200.59203350 15.140000000 1.1747517446 201.54000000
 893.46666667 435058.87335 6478483.5208 -831.7835254 886.68352537 5.3213481644 -76.83418530 201.14161476 14.665243694 1.1034883752 202.08958126
 906.93333333 435057.59633 6478480.4191 -844.8254113 899.72541128 4.0443345925 -79.93589253 201.72708306 14.191862884 1.1034883752 202.67504956
 920.40000000 435056.32869 6478477.4302 -857.8945329 912.79453291 2.7766910773 -82.92483465 202.35203350 13.720000000 1.1034883752 203.30000000
 933.86666667 435055.07166 6478474.4620 -870.9694337 925.86943366 1.5196624628 -85.89304330 201.66364259 13.988166483 0.7012236885 202.61160908
 947.33333333 435053.82646 6478471.4224 -884.0290448 938.92904484 0.2744555463 -88.93264041 201.00072875 14.258201215 0.7012236885 201.94869525
 960.80000000 435052.59311 6478468.3115 -897.0729723 951.97297228 -0.958892088 -92.04353423 200.36203350 14.530000000 0.7012236885 201.31000000
 974.23333333 435051.34871 6478465.1003 -910.0569695 964.95696947 -2.203287865 -95.25468078 200.11253674 15.189757730 1.4803139385 201.06050324
 987.66666667 435050.06437 6478461.7446 -923.0004292 977.90042921 -3.487628420 -98.61038536 199.88334677 15.849767824 1.4803139385 200.83131326
 1001.1000000 435048.74026 6478458.2448 -935.9016192 990.80161916 -4.811741857 -102.1101989 199.67203350 16.510000000 1.4803139385 200.62000000
 1021.3500000 435046.70649 6478452.8800 -955.3212392 1010.2212392 -6.845514468 -107.4750410 199.95551437 16.419807810 0.1789474921 200.90348087
 1041.6000000 435044.65701 6478447.5538 -974.7498509 1029.6498509 -8.894993468 -112.8012344 200.24203350 16.330000000 0.1789474921 201.19000000
 1055.0333333 435043.25362 6478444.0559 -987.6432345 1042.5432345 -10.29838241 -116.2990957 201.58704385 16.271424153 0.8531564962 202.53501034
 1068.4666667 435041.77305 6478440.6033 -1000.540186 1055.4401862 -11.77894772 -119.7517039 202.94081635 16.221397703 0.8531564962 203.88878284
 1081.9000000 435040.21538 6478437.1961 -1013.440133 1068.3401326 -13.33662357 -123.1589056 204.30203350 16.180000000 0.8531564962 205.25000000
 1092.0000000 435038.96427 6478434.6463 -1023.132241 1078.0322405 -14.58773212 -125.7086613 206.05767329 16.499662604 1.7474381422 207.00563978
 1102.1000000 435037.61129 6478432.0865 -1032.807985 1087.7079847 -15.94071431 -128.2684805 207.74700396 16.833426082 1.7474381422 208.69497046
 1112.2000000 435036.15657 6478429.5169 -1042.466345 1097.3663452 -17.39542751 -130.8380933 209.37127498 17.180468118 1.7474381422 210.31924148
 1122.3000000 435034.60028 6478426.9378 -1052.106304 1107.0063037 -18.95171834 -133.4172287 210.93203350 17.540000000 1.7474381422 211.88000000
 1132.3750000 435032.94577 6478424.3949 -1061.713300 1116.6132998 -20.60622523 -135.9600939 213.27259180 17.528904818 2.0998637900 214.22055829
 1142.4500000 435031.18852 6478421.9214 -1071.320156 1126.2201559 -22.36348008 -138.4336132 215.61246766 17.545278783 2.0998637900 216.56043415
 1152.5250000 435029.32878 6478419.5176 -1080.925417 1135.8254169 -24.22321668 -140.8374121 217.94459038 17.589045118 2.0998637900 218.89255687
 1162.6000000 435027.36685 6478417.1839 -1090.527627 1145.4276275 -26.18515330 -143.1711262 220.26203350 17.660000000 2.0998637900 221.21000000
 1172.7000000 435025.33246 6478414.9444 -1100.163388 1155.0633885 -28.21954480 -145.4106457 222.37213649 17.221122762 2.2863206571 223.32010298
 1182.8000000 435023.26539 6478412.8346 -1109.821467 1164.7214666 -30.28660602 -147.5204257 224.58627157 16.805317041 2.2863206571 225.53423806
 1192.9000000 435021.16604 6478410.8549 -1119.500119 1174.4001188 -32.38596393 -149.5000852 226.90607389 16.414337573 2.2863206571 227.85404038
 1203.0000000 435019.03476 6478409.0057 -1129.197598 1184.0975982 -34.51723962 -151.3492670 229.33203350 16.050000000 2.2863206571 230.28000000
 1216.4333333 435016.18381 6478406.6706 -1142.115167 1197.0151673 -37.36818816 -153.6844302 230.13741071 15.806895032 0.7337463271 231.08537721
 1229.8666667 435013.34247 6478404.4102 -1155.048166 1209.9481661 -40.20952536 -155.9447640 230.96713930 15.566847136 0.7337463271 231.91510580
 1243.3000000 435010.51084 6478402.2248 -1167.996169 1222.8961694 -43.04115781 -158.1301942 231.82203350 15.330000000 0.7337463271 232.77000000
 1253.4250000 435008.31523 6478400.5933 -1177.744308 1232.6443084 -45.23676646 -159.7617403 233.02412439 16.031501509 2.2905211209 233.97209088
 1263.5500000 435005.98984 6478398.9367 -1187.458056 1242.3580564 -47.56215573 -161.4182590 234.12754914 16.739148655 2.2905211209 235.07551564
 1273.6750000 435003.53510 6478397.2556 -1197.135645 1252.0356451 -50.01690229 -163.0994488 235.14360532 17.452193447 2.2905211209 236.09157182
 1283.8000000 435000.95144 6478395.5500 -1206.775313 1261.6753127 -52.60055930 -164.8050035 236.08203350 18.170000000 2.2905211209 237.03000000
 1293.8750000 434998.24675 6478393.8339 -1216.327089 1271.2270892 -55.30525039 -166.5210746 237.21141544 18.921193227 2.4792877060 238.15938194
 1303.9500000 434995.40282 6478392.1043 -1225.835846 1280.7358462 -58.14917579 -168.2507417 238.25725108 19.678710821 2.4792877060 239.20521758
 1314.0250000 434992.42027 6478390.3614 -1235.299575 1290.1995755 -61.13173495 -169.9936395 239.22825005 20.441848905 2.4792877060 240.17621655
 1324.1000000 434989.29970 6478388.6056 -1244.716279 1299.6162786 -64.25229800 -171.7494000 240.13203350 21.210000000 2.4792877060 241.08000000
 1334.2000000 434986.03121 6478386.8203 -1254.103929 1309.0039294 -67.52079420 -173.5346744 240.67433626 22.082688578 2.6593477261 241.62230276
 1344.3000000 434982.62078 6478384.9977 -1263.433690 1318.3336905 -70.93122139 -175.3573237 241.17735505 22.957035793 2.6593477261 242.12532155
 1354.4000000 434979.06925 6478383.1381 -1272.703284 1327.6032838 -74.48274683 -177.2169027 241.64535997 23.832858704 2.6593477261 242.59332646
 1364.5000000 434975.37750 6478381.2420 -1281.910446 1336.8104459 -78.17450336 -179.1129574 242.08203350 24.710000000 2.6593477261 243.03000000
 1370.6666667 434973.04867 6478380.0562 -1287.495508 1342.3955081 -80.50333448 -180.2987511 242.05390969 25.456661736 3.6328714085 243.00187619
 1376.8333333 434970.65578 6478378.8364 -1293.046029 1347.9460288 -82.89622058 -181.5185995 242.02728471 26.203328543 3.6328714085 242.97525121
 1383.0000000 434968.19924 6478377.5827 -1298.561065 1353.4610651 -85.35275519 -182.7722952 242.00203350 26.950000000 3.6328714085 242.95000000
 1390.6666667 434965.16825 6478375.9457 -1305.409436 1360.3094356 -88.38375126 -184.4093426 239.33337973 26.484635777 5.0351738047 240.28134623
 1398.3333333 434962.26320 6478374.1943 -1312.284072 1367.1840724 -91.28880378 -186.1607217 236.58125025 26.070473899 5.0351738047 237.52921674
 1406.0000000 434959.48555 6478372.3295 -1319.181508 1374.0815084 -94.06644759 -188.0255493 233.75203350 25.710000000 5.0351738047 234.70000000
 1415.7500000 434956.12168 6478369.8211 -1327.981442 1382.8814417 -97.43032426 -190.5338819 230.90969278 25.306092647 3.9655637720 231.85765927
 1425.5000000 434952.93281 6478367.1836 -1336.808745 1391.7087452 -100.6191898 -193.1713827 227.98740348 24.958252638 3.9655637720 228.93536998
 1435.2500000 434949.92057 6478364.4183 -1345.658953 1400.5589527 -103.6314306 -195.9367175 224.99446911 24.668860565 3.9655637720 225.94243561
 1445.0000000 434947.08648 6478361.5265 -1354.527586 1409.4275863 -106.4655229 -198.8284869 221.94203350 24.440000000 3.9655637720 222.89000000
 1453.4000000 434944.79973 6478358.9690 -1362.194356 1417.0943563 -108.7522679 -201.3860331 219.73534591 23.798581142 3.9517602909 220.68331241
 1461.8000000 434942.66910 6478356.3878 -1369.898121 1424.7981212 -110.8829038 -203.9671959 217.41676792 23.190149194 3.9517602909 218.36473442
 1470.2000000 434940.69536 6478353.7840 -1377.636008 1432.5360078 -112.8566359 -206.5710129 214.98389035 22.617374015 3.9517602909 215.93185685
 1478.6000000 434938.87927 6478351.1585 -1385.405130 1440.3051305 -114.6727281 -209.1965128 212.43552996 22.083037375 3.9517602909 213.38349646
 1487.0000000 434937.22150 6478348.5123 -1393.202592 1448.1025917 -116.3305032 -211.8427166 209.77203350 21.590000000 3.9517602909 210.72000000
 1496.5000000 434935.52301 6478345.4860 -1402.045433 1456.9454333 -118.0289946 -214.8689676 206.91992396 21.290012055 3.4254070510 207.86789045
 1506.0000000 434933.99813 6478342.4161 -1410.904870 1465.8048704 -119.5538703 -217.9388615 203.99661848 21.039298270 3.4254070510 204.94458498
 1515.5000000 434932.64742 6478339.3037 -1419.777728 1474.6777278 -120.9045837 -221.0512980 201.01298432 20.839640319 3.4254070510 201.96095082
 1525.0000000 434931.47135 6478336.1498 -1428.660825 1483.5608253 -122.0806509 -224.2051617 197.98155211 20.692518678 3.4254070510 198.92951860
 1534.5000000 434930.47035 6478332.9557 -1437.550979 1492.4509794 -123.0816501 -227.3993221 194.91624875 20.599060907 3.4254070510 195.86421525
 1544.0000000 434929.64478 6478329.7224 -1446.445004 1501.3450037 -123.9072228 -230.6326345 191.83203350 20.560000000 3.4254070510 192.78000000
 1554.0000000 434928.95650 6478326.2763 -1455.806611 1510.7066109 -124.5955014 -234.0786776 188.86602427 20.615443237 3.1330211396 189.81399077
 1564.0000000 434928.44497 6478322.7863 -1465.163261 1520.0632605 -125.1070250 -237.5686656 185.92209942 20.721155962 3.1330211396 186.87006591
 1574.0000000 434928.11038 6478319.2536 -1474.511844 1529.4118441 -125.4416237 -241.1014391 183.01338808 20.876373315 3.1330211396 183.96135458
 1584.0000000 434927.95281 6478315.6792 -1483.849256 1538.7492558 -125.5991863 -244.6758245 180.15203350 21.080000000 3.1330211396 181.10000000
 1594.2500000 434927.96322 6478311.9996 -1493.415407 1548.3154071 -125.5887826 -248.3554310 177.62471288 21.021201350 2.6623361691 178.57267937
 1604.5000000 434928.13592 6478308.3307 -1502.984131 1557.8841310 -125.4160844 -252.0242994 175.08818347 20.999892584 2.6623361691 176.03614997
 1614.7500000 434928.47086 6478304.6735 -1512.553016 1567.4530157 -125.0811353 -255.6815051 172.55107599 21.016187933 2.6623361691 173.49904249
 1625.0000000 434928.96798 6478301.0289 -1522.119649 1577.0196494 -124.5840197 -259.3261262 170.02203350 21.070000000 2.6623361691 170.97000000
 1635.0000000 434929.61544 6478297.5035 -1531.454590 1586.3545898 -123.9365632 -262.8514949 167.26196700 20.964991619 2.9861229128 168.20993349
 1645.0000000 434930.42955 6478294.0267 -1540.794694 1595.6946944 -123.1224504 -266.3283137 164.48105811 20.904778558 2.9861229128 165.42902461
 1655.0000000 434931.41007 6478290.5995 -1550.137144 1605.0371444 -122.1419269 -269.7555335 161.69057533 20.889748835 2.9861229128 162.63854183
 1665.0000000 434932.55671 6478287.2229 -1559.479120 1614.3791202 -120.9952888 -273.1321199 158.90203350 20.920000000 2.9861229128 159.85000000
 1675.0000000 434933.85877 6478283.8766 -1568.811646 1623.7116464 -119.6932332 -276.4784378 156.69344037 21.189178861 2.5134426358 157.64140687
 1685.0000000 434935.30557 6478280.5399 -1578.126297 1633.0262974 -118.2464257 -279.8150575 154.54044043 21.486341296 2.5134426358 155.48840692
 1695.0000000 434936.89682 6478277.2137 -1587.421081 1642.3210814 -116.6551758 -283.1412655 152.44591938 21.810341471 2.5134426358 153.39388588
 1705.0000000 434938.63218 6478273.8986 -1596.694011 1651.5940113 -114.9198236 -286.4563507 150.41203350 22.160000000 2.5134426358 151.36000000
 1715.2500000 434940.54034 6478270.4762 -1606.164811 1661.0648113 -113.0116621 -289.8788008 149.42257904 22.809283493 2.1994616918 150.37054553
 1725.5000000 434942.55967 6478266.9933 -1615.590377 1670.4903767 -110.9923280 -293.3617178 148.48527385 23.464351803 2.1994616918 149.43324035
 1735.7500000 434944.68983 6478263.4505 -1624.969086 1679.8690860 -108.8621689 -296.9045025 147.59626726 24.124732545 2.1994616918 148.54423375
 1746.0000000 434946.93045 6478259.8485 -1634.299326 1689.1993258 -106.6215510 -300.5065456 146.75203350 24.790000000 2.1994616918 147.70000000
 1756.0000000 434949.22306 6478256.2826 -1643.355538 1698.2555381 -104.3289446 -304.0723810 145.88496908 25.395536327 2.1252700611 146.83293558
 1766.0000000 434951.62118 6478252.6713 -1652.366240 1707.2662396 -101.9308158 -307.6837340 145.05581728 26.005934253 2.1252700611 146.00378377
 1776.0000000 434954.12447 6478249.0149 -1661.330053 1716.2300529 -99.42753124 -311.3400526 144.26223283 26.620858079 2.1252700611 145.21019932
 1786.0000000 434956.73253 6478245.3142 -1670.245608 1725.1456075 -96.81947367 -315.0407779 143.50203350 27.240000000 2.1252700611 144.45000000
 1799.6666667 434960.39253 6478240.2240 -1682.388266 1737.2882655 -93.15946519 -320.1310008 143.16862942 27.392553296 0.4742744927 144.11659591
 1813.3333333 434964.10100 6478235.1289 -1694.514139 1749.4141385 -89.45099542 -325.2261303 142.83864274 27.545890994 0.4742744927 143.78660923
 1827.0000000 434967.85788 6478230.0289 -1706.623054 1761.5230542 -85.69411710 -330.3260940 142.51203350 27.700000000 0.4742744927 143.46000000
 1847.0000000 434973.41104 6478222.5345 -1724.313035 1779.2130346 -80.14096161 -337.8204887 142.51706973 27.919999910 0.3300186842 143.46503623
 1867.0000000 434979.00392 6478214.9851 -1741.967057 1796.8670569 -74.54808109 -345.3698722 142.52203350 28.140000000 0.3300186842 143.47000000
 1880.3333333 434982.72937 6478209.9670 -1753.743683 1808.6436831 -70.82262856 -350.3880455 142.40159028 27.786558370 0.8053317428 143.34955677
 1893.6666667 434986.42201 6478205.0150 -1765.558647 1820.4586465 -67.12998846 -355.3399807 142.27829407 27.433223634 0.8053317428 143.22626056
 1907.0000000 434990.08170 6478200.1295 -1777.411486 1832.3114861 -63.47030489 -360.2254847 142.15203350 27.080000000 0.8053317428 143.10000000
 1927.5000000 434995.67990 6478192.6440 -1795.654747 1850.5547473 -57.87210054 -367.7109643 142.36787336 27.194836025 0.2213566749 143.31583986
 1948.0000000 435001.27178 6478185.1082 -1813.879204 1868.7792039 -52.28022304 -375.2467778 142.58203350 27.310000000 0.2213566749 143.53000000
 1968.0000000 435006.73638 6478177.7022 -1831.633899 1886.5338994 -46.81561786 -382.6528176 142.67767026 27.509967736 0.3071355074 143.62563675
 1988.0000000 435012.22537 6478170.2372 -1849.356348 1904.2563480 -41.32663147 -390.1177753 142.77203350 27.710000000 0.3071355074 143.72000000
 2001.3333333 435015.87703 6478165.2233 -1861.157891 1916.0578906 -37.67497130 -395.1317306 143.20010862 27.758688485 0.4614244709 144.14807511
 2014.6666667 435019.49711 6478160.1740 -1872.954085 1927.8540848 -34.05489341 -400.1810403 143.62678507 27.808690856 0.4614244709 144.57475157
 2028.0000000 435023.08556 6478155.0894 -1884.744780 1939.6447795 -30.46644419 -405.2656396 144.05203350 27.860000000 0.4614244709 145.00000000
 2038.2500000 435025.78543 6478151.1471 -1893.812036 1948.7120356 -27.76657019 -409.2078815 145.24341196 27.734441258 1.6671039770 146.19137845
 2048.5000000 435028.39197 6478147.1653 -1902.889319 1957.7893185 -25.16002706 -413.1896801 146.44435228 27.619169983 1.6671039770 147.39231878
 2058.7500000 435030.90493 6478143.1444 -1911.975731 1966.8757311 -22.64707238 -417.2106416 147.65414285 27.514316180 1.6671039770 148.60210935
 2069.0000000 435033.32405 6478139.0846 -1921.070375 1975.9703754 -20.22795453 -421.2703688 148.87203350 27.420000000 1.6671039770 149.82000000
 2079.0000000 435035.58719 6478135.0928 -1929.954514 1984.8545136 -17.96480629 -425.2621896 150.13428454 27.232591553 1.8269599572 151.08225103
 2089.0000000 435037.74795 6478131.0766 -1938.853165 1993.7531649 -15.80405494 -429.2783721 151.41218501 27.056639670 1.8269599572 152.36015151
 2099.0000000 435039.80606 6478127.0365 -1947.765324 2002.6653241 -13.74594458 -433.3184625 152.70502738 26.892370364 1.8269599572 153.65299388
 2109.0000000 435041.76129 6478122.9730 -1956.689984 2011.5899844 -11.79070772 -437.3820046 154.01203350 26.740000000 1.8269599572 154.96000000
 2119.0000000 435043.58333 6478118.8999 -1965.638387 2020.5383870 -9.968671863 -441.4550953 155.90582336 26.287733323 2.8762024998 156.85378986
 2129.0000000 435045.24165 6478114.8316 -1974.620773 2029.5207730 -8.310347791 -445.5233772 157.85933978 25.861114865 2.8762024998 158.80730627
 2139.0000000 435046.73580 6478110.7693 -1983.634628 2038.5346275 -6.816199817 -449.5857113 159.87184271 25.461439483 2.8762024998 160.81980921
 2149.0000000 435048.06535 6478106.7140 -1992.677427 2047.5774267 -5.486646284 -453.6409603 161.94203350 25.090000000 2.8762024998 162.89000000
 2159.2500000 435049.27083 6478102.5651 -2001.971546 2056.8715460 -4.281166829 -457.7899169 163.76977891 24.795214484 2.4151887584 164.71774540
 2169.5000000 435050.33050 6478098.4240 -2011.286940 2066.1869398 -3.221503300 -461.9309917 165.63708681 24.523114944 2.4151887584 166.58505330
 2179.7500000 435051.24412 6478094.2917 -2020.621676 2075.5216761 -2.307875494 -466.0633257 167.54196322 24.274466866 2.4151887584 168.48992971
 2190.0000000 435052.01153 6478090.1689 -2029.973818 2084.8738185 -1.540472917 -470.1860617 169.48203350 24.050000000 2.4151887584 170.43000000
 2203.3333333 435052.85065 6478084.7914 -2042.144846 2097.0448462 -0.701348094 -475.5635672 170.88105998 24.154079464 1.3065767191 171.82902648
 2216.6666667 435053.56183 6478079.3719 -2054.305358 2109.2053582 0.0098328881 -480.9831245 172.26811650 24.270806823 1.3065767191 173.21608299
 2230.0000000 435054.14500 6478073.9108 -2066.454106 2121.3541055 0.5929969798 -486.4441768 173.64203350 24.400000000 1.3065767191 174.59000000
 2240.0000000 435054.47018 6478069.8075 -2075.566953 2130.4669533 0.9181761494 -490.5474741 175.40545560 24.236294164 2.2331377082 176.35342209
 2250.0000000 435054.66698 6478065.7205 -2084.690798 2139.5907978 1.1149788034 -494.6344846 177.18997811 24.093153689 2.2331377082 178.13794460
 2260.0000000 435054.73537 6478061.6505 -2093.824099 2148.7240990 1.1833717242 -498.7045187 178.99307505 23.970948130 2.2331377082 179.94104155
 2270.0000000 435054.67534 6478057.5981 -2102.965315 2157.8653152 1.1233433677 -502.7568893 180.81203350 23.870000000 2.2331377082 181.76000000
 2280.2500000 435054.48036 6478053.4421 -2112.332182 2167.2321820 0.9283563697 -506.9129256 182.65789265 24.050336047 2.2564738720 183.60585915
 2290.5000000 435054.15011 6478049.2633 -2121.685100 2176.5850997 0.5981097138 -511.0917453 184.47635057 24.252482145 2.2564738720 185.42431707
 2300.7500000 435053.68466 6478045.0624 -2131.022375 2185.9223751 0.1326631935 -515.2925920 186.26507856 24.475896279 2.2564738720 187.21304506
 2311.0000000 435053.08410 6478040.8403 -2140.342317 2195.2423175 -0.467898919 -519.5147050 188.02203350 24.720000000 2.2564738720 188.97000000
 2324.3333333 435052.12905 6478035.3398 -2152.449611 2207.3496108 -1.422947115 -525.0151509 189.77939369 24.809708033 1.6685341927 190.72736019
 2337.6666667 435051.00213 6478029.8505 -2164.547146 2219.4471455 -2.549871105 -530.5045139 191.52354910 24.919797915 1.6685341927 192.47151560
 2351.0000000 435049.70352 6478024.3731 -2176.632895 2231.5328950 -3.848482113 -535.9818746 193.25203350 25.050000000 1.6685341927 194.20000000
 2361.2500000 435048.55508 6478020.1752 -2185.912218 2240.8122176 -4.996916547 -540.1797514 195.44551615 25.227910420 2.7764052086 196.39348264
 2371.5000000 435047.23849 6478015.9941 -2195.176748 2250.0767483 -6.313511285 -544.3608706 197.60772449 25.437751903 2.7764052086 198.55569099
 2381.7500000 435045.75409 6478011.8309 -2204.423948 2259.3239476 -7.797905442 -548.5240862 199.73446542 25.678738767 2.7764052086 200.68243192
 2392.0000000 435044.10231 6478007.6867 -2213.651281 2268.5512808 -9.449692142 -552.6682570 201.82203350 25.950000000 2.7764052086 202.77000000
 2402.0000000 435042.33486 6478003.6617 -2222.632354 2277.5323544 -11.21713752 -556.6933132 203.68632062 26.232971316 2.6020258241 204.63428712
 2412.0000000 435040.41882 6477999.6540 -2231.590679 2286.4906787 -13.13317676 -560.7010004 205.51209120 26.539504976 2.6020258241 206.46005770
 2422.0000000 435038.35463 6477995.6646 -2240.524201 2295.4242010 -15.19737079 -564.6904004 207.29774677 26.868791036 2.6020258241 208.24571326
 2432.0000000 435036.14275 6477991.6944 -2249.430874 2304.3308741 -17.40924660 -568.6605988 209.04203350 27.220000000 2.6020258241 209.99000000
 2442.8000000 435033.59158 6477987.4423 -2259.024195 2313.9241949 -19.96042331 -572.9126600 210.98025637 27.470861423 2.5693237827 211.92822287
 2453.6000000 435030.87529 6477983.2411 -2268.594545 2323.4945455 -22.67671383 -577.1138717 212.88442693 27.748096077 2.5693237827 213.83239343
 2464.4000000 435027.99459 6477979.0919 -2278.139432 2333.0394317 -25.55741027 -581.2631392 214.75230921 28.050917867 2.5693237827 215.70027570
 2475.2000000 435024.95024 6477974.9956 -2287.656366 2342.5563662 -28.60176189 -585.3593810 216.58202238 28.378503166 2.5693237827 217.52998887
 2486.0000000 435021.74302 6477970.9535 -2297.142869 2352.0428686 -31.80897532 -589.4015297 218.37203350 28.730000000 2.5693237827 219.32000000
 2495.0000000 435018.93586 6477967.6169 -2305.015128 2359.9151284 -34.61614352 -592.7380600 219.87049794 29.254122951 2.9854034956 220.81846444
 2504.0000000 435015.99543 6477964.2991 -2312.846524 2367.7465243 -37.55657000 -596.0558583 221.32007759 29.794412752 2.9854034956 222.26804408
 2513.0000000 435012.92246 6477961.0009 -2320.635143 2375.5351427 -40.62953628 -599.3541141 222.72203350 30.350000000 2.9854034956 223.67000000
 2523.0960000 435009.32982 6477957.3227 -2329.322650 2384.2226497 -44.22218059 -603.0322904 224.02347434 30.908107392 2.5752220959 224.97144084
 2533.1920000 435005.59494 6477953.6660 -2337.959061 2392.8590612 -47.95706482 -606.6889652 225.28278207 31.478823090 2.5752220959 226.23074857
 2543.2880000 435001.71867 6477950.0317 -2346.542401 2401.4424015 -51.83333447 -610.3233018 226.50135970 32.061467858 2.5752220959 227.44932619
 2553.3840000 434997.70190 6477946.4205 -2355.070707 2409.9707067 -55.85010270 -613.9344688 227.68063241 32.655397083 2.5752220959 228.62859891
 2563.4800000 434993.54555 6477942.8334 -2363.542026 2418.4420257 -60.00645052 -617.5216399 228.82203350 33.260000000 2.5752220959 229.77000000
 2576.9200000 434987.93307 6477938.1191 -2374.805738 2429.7057378 -65.61892734 -622.2358868 229.22656478 32.865320277 1.0093542034 230.17453127
 2590.3600000 434982.34688 6477933.4945 -2386.119607 2441.0196065 -71.20512157 -626.8604763 229.63980052 32.471970453 1.0093542034 230.58776702
 2603.8000000 434976.78731 6477928.9599 -2397.482927 2452.3829272 -76.76468527 -631.3951203 230.06203350 32.080000000 1.0093542034 231.01000000
 2613.8875000 434972.67252 6477925.6661 -2406.082573 2460.9825732 -80.87948320 -634.6889365 230.69922854 30.947078986 3.5118218393 231.64719504
 2623.9750000 434968.65467 6477922.5249 -2414.784643 2469.6846427 -84.89732941 -637.8300879 231.37982103 29.817496312 3.5118218393 232.32778753
 2634.0625000 434964.73548 6477919.5378 -2423.585439 2478.4854395 -88.81651735 -640.8172401 232.10882840 28.691649642 3.5118218393 233.05679490
 2644.1500000 434960.91662 6477916.7059 -2432.481226 2487.3812255 -92.63538236 -643.6491244 232.89203350 27.570000000 3.5118218393 233.84000000
 2657.5833333 434955.94297 6477913.0708 -2444.417558 2499.3175580 -97.60902612 -647.2841717 232.88882041 27.043333256 1.1761834386 233.83678691
 2671.0166667 434951.05829 6477909.5004 -2456.410032 2511.3100321 -102.4937053 -650.8546262 232.88548948 26.516666588 1.1761834386 233.83345597
 2684.4500000 434946.26299 6477905.9948 -2468.457635 2523.3576345 -107.2890072 -654.3601860 232.88203350 25.990000000 1.1761834386 233.83000000
 2694.5300000 434942.75733 6477903.4394 -2477.555502 2532.4555023 -110.7946749 -656.9155543 233.04662419 25.012181644 2.9178026812 233.99459068
 2704.6100000 434939.37025 6477900.9859 -2486.726096 2541.6260962 -114.1817467 -659.3690597 233.22371282 24.034558206 2.9178026812 234.17167932
 2714.6900000 434936.10277 6477898.6350 -2495.966731 2550.8667312 -117.4492309 -661.7199841 233.41489166 23.057154567 2.9178026812 234.36285815
 2724.7700000 434932.95583 6477896.3874 -2505.274702 2560.1747019 -120.5961709 -663.9676390 233.62203350 22.080000000 2.9178026812 234.57000000
 2732.8340000 434930.52541 6477894.7027 -2512.776338 2567.6763382 -123.0265857 -665.6522855 235.06198365 20.965960655 4.5865770854 236.00995014
 2740.8980000 434928.17309 6477893.1626 -2520.333756 2575.2337560 -125.3789132 -667.1924385 236.65490657 19.865300628 4.5865770854 237.60287307
 2748.9620000 434925.89994 6477891.7676 -2527.943456 2582.8434564 -127.6520643 -668.5873850 238.42537199 18.780376303 4.5865770854 239.37333849
 2757.0260000 434923.70701 6477890.5185 -2535.601916 2590.5019162 -129.8449865 -669.8364792 240.40273129 17.714082992 4.5865770854 241.35069778
 2765.0900000 434921.59534 6477889.4159 -2543.305590 2598.2055896 -131.9566646 -670.9391426 242.62203350 16.670000000 4.5865770854 243.57000000
 2774.5950000 434919.19650 6477888.2510 -2552.428493 2607.3284930 -134.3555048 -672.1039616 243.70590360 15.930168386 2.5246795967 244.65387010
 2784.1000000 434916.88180 6477887.1831 -2561.584953 2616.4849533 -136.6702036 -673.1718732 244.89205569 15.196259755 2.5246795967 245.84002219
 2793.6050000 434914.65169 6477886.2123 -2570.773186 2625.6731859 -138.9003098 -674.1426692 246.19504083 14.469175900 2.5246795967 247.14300732
 2803.1100000 434912.50661 6477885.3388 -2579.991400 2634.8914000 -141.0453887 -675.0161604 247.63203350 13.750000000 2.5246795967 248.58000000
 2815.3325000 434909.85385 6477884.2951 -2591.876527 2646.7765273 -143.6981539 -676.0599148 247.51474826 13.234905726 1.2660758052 248.46271475
 2827.5550000 434907.30272 6477883.2851 -2603.786810 2658.6868097 -146.2492827 -677.0699482 247.38814056 12.719869210 1.2660758052 248.33610706
 2839.7775000 434904.85343 6477882.3088 -2615.721282 2670.6212820 -148.6985685 -678.0461785 247.25103117 12.204897768 1.2660758052 248.19899766
 2852.0000000 434902.50619 6477881.3665 -2627.678977 2682.5789769 -151.0458128 -678.9885267 247.10203350 11.690000000 1.2660758052 248.05000000
 2865.4666667 434899.95120 6477880.3293 -2640.860092 2695.7600919 -153.6008029 -680.0256957 246.81698457 11.949730525 0.5930460198 247.76495106
 2878.9333333 434897.34605 6477879.2570 -2654.028560 2708.9285603 -156.2059511 -681.0980298 246.54389684 12.209736265 0.5930460198 247.49186333
 2892.4000000 434894.69080 6477878.1495 -2667.184098 2722.0840978 -158.8612011 -682.2055059 246.28203350 12.470000000 0.5930460198 247.23000000
 2908.1800000 434891.52419 6477876.8612 -2682.589054 2737.4890544 -162.0278051 -683.4937849 247.54126325 12.564256914 0.5489094183 248.48922974
 2923.9600000 434888.30585 6477875.6330 -2697.988189 2752.8881892 -165.2461503 -684.7219989 248.78147870 12.664302272 0.5489094183 249.72944519
 2939.7400000 434885.03585 6477874.4649 -2713.381111 2768.2811112 -168.5161550 -685.8901165 250.00203350 12.770000000 0.5489094183 250.95000000
 2949.7466667 434882.90562 6477873.8054 -2723.135869 2778.0358685 -170.6463755 -686.5496230 253.66475965 13.004924866 2.5479167418 254.61272614
 2959.7533333 434880.69526 6477873.2703 -2732.880402 2787.7804020 -172.8567420 -687.0846813 257.18660785 13.289290587 2.5479167418 258.13457434
 2969.7600000 434878.40523 6477872.8598 -2742.612568 2797.5125677 -175.1467680 -687.4951736 260.55203350 13.620000000 2.5479167418 261.50000000
 2978.8866667 434876.23676 6477872.5265 -2751.471378 2806.3713785 -177.3152437 -687.8285154 260.08349174 14.209191702 1.9717942137 261.03145824
 2988.0133333 434873.98112 6477872.1616 -2760.307135 2815.2071350 -179.5708840 -688.1934000 259.65154747 14.799223938 1.9717942137 260.59951397
 2997.1400000 434871.63856 6477871.7652 -2769.118869 2824.0188688 -181.9134418 -688.5897874 259.25203350 15.390000000 1.9717942137 260.20000000
 3007.4650000 434868.86128 6477871.2942 -2779.051783 2833.9517830 -184.6907164 -689.0608087 259.59143901 16.286839753 2.6196819835 260.53940551
 3017.7900000 434865.92833 6477870.8137 -2788.939361 2843.8393608 -187.6236651 -689.5413208 259.89631569 17.184165675 2.6196819835 260.84428218
 3028.1150000 434862.84044 6477870.3238 -2798.779154 2853.6791538 -190.7115616 -690.0312048 260.17179247 18.081905342 2.6196819835 261.11975896
 3038.4400000 434859.59836 6477869.8247 -2808.568726 2863.4687256 -193.9536414 -690.5303394 260.42203350 18.980000000 2.6196819835 261.37000000
 3051.7166667 434855.30491 6477869.1454 -2821.113087 2876.0130867 -198.2470889 -691.2096342 259.70591927 19.257327952 0.8207030546 260.65388576
 3064.9933333 434850.96009 6477868.4029 -2833.636148 2888.5361483 -202.5919125 -691.9520602 259.00947103 19.537366294 0.8207030546 259.95743753
 3078.2700000 434846.56406 6477867.5974 -2846.137407 2901.0374070 -206.9879376 -692.7575876 258.33203350 19.820000000 0.8207030546 259.28000000
 3088.2725000 434843.19571 6477866.9331 -2855.531757 2910.4317572 -210.3562855 -693.4218872 257.46975505 20.344252901 1.8057561756 258.41772155
 3098.2750000 434839.75324 6477866.2015 -2864.894164 2919.7941638 -213.7987563 -694.1534605 256.64916375 20.872531740 1.8057561756 257.59713025
 3108.2775000 434836.23703 6477865.4028 -2874.223593 2929.1235929 -217.3149699 -694.9522267 255.86745282 21.404537974 1.8057561756 256.81541931
 3118.2800000 434832.64746 6477864.5369 -2883.519014 2938.4190144 -220.9045379 -695.8180975 255.12203350 21.940000000 1.8057561756 256.07000000
 3138.4100000 434825.31648 6477862.7231 -2902.177618 2957.0776180 -228.2355157 -697.6319418 255.18760496 22.144987128 0.3076884299 256.13557145
 3158.5400000 434817.91870 6477860.9016 -2920.809072 2975.7090721 -235.6333000 -699.4534123 255.25203350 22.350000000 0.3076884299 256.20000000
 3172.0333333 434812.97582 6477859.6866 -2933.304800 2988.2047998 -240.5761775 -700.6683848 255.23265642 21.989997613 0.8005656362 256.18062291
 3185.5266667 434808.10967 6477858.4887 -2945.832273 3000.7322734 -245.4423296 -701.8662705 255.21266680 21.629997573 0.8005656362 256.16063330
 3199.0200000 434803.32044 6477857.3080 -2958.390998 3013.2909981 -250.2315640 -703.0470221 255.19203350 21.270000000 0.8005656362 256.14000000
 3205.4000000 434801.08289 6477856.7499 -2964.339330 3019.2393296 -252.4691106 -703.6050562 254.90393303 21.124753282 0.8404737314 255.85189953
 3211.7800000 434798.86279 6477856.1843 -2970.293480 3025.1934803 -254.6892144 -704.1706910 254.61203350 20.980000000 0.8404737314 255.56000000
 3232.0000000 434791.85432 6477854.3796 -2989.173005 3044.0730047 -261.6976792 -705.9753836 254.61203350 20.980000000 0.0000000000 255.56000000
