# WELL TRACE FROM PETREL 
# WELL NAME:              Volve F_F-15_F-15_F-15_ACTUAL
# DEFINITIVE SURVEY:      MD Incl Azim survey 1
# WELL HEAD X-COORDINATE: 435053.55200000 (m)
# WELL HEAD Y-COORDINATE: 6478560.35500000 (m)
# WELL DATUM (KB, Kelly bushing, from MSL): 54.90000000 (m)
# WELL TYPE:              DRY
# MD AND TVD ARE REFERENCED (=0) AT WELL DATUM AND INCREASE DOWNWARDS
# ANGLES ARE GIVEN IN DEGREES
# XYZ TRACE IS GIVEN IN COORDINATE SYSTEM ED50-UTM31 ("MENTOR:ED50-UTM31:European 1950 Based UTM, Zone 31 North, Meter") [SIS,501080]
# AZIM_TN: azimuth in True North 
# AZIM_GN: azimuth in Grid North 
# DX DY ARE GIVEN IN GRID NORTH IN m-UNITS
# DEPTH (Z, tvd_z) GIVEN IN m-UNITS
#===============================================================================================================================================
      MD            X            Y            Z           TVD           DX          DY        AZIM_TN        INCL         DLS        AZIM_GN
#===============================================================================================================================================
 145.90000000 435053.55200 6478560.3550 -91.00000000 145.90000000 0.0000000003 0.0000000000 359.05203350 0.0000000000 0.0000000000 0.0000000000
 149.65000000 435053.54965 6478560.3543 -94.74999893 149.64999893 -0.002354775 -0.000689032 252.74203350 0.0750000000 0.6000000000 253.69000000
 153.40000000 435053.54258 6478560.3522 -98.49999143 153.39999143 -0.009419098 -0.002756122 252.74203350 0.1500000000 0.6000000000 253.69000000
 180.33333333 435053.49846 6478560.3176 -125.4332615 180.33326146 -0.053537876 -0.037436495 201.60799555 0.1142156361 0.1320011699 202.55596205
 207.26666667 435053.50141 6478560.2531 -152.3665127 207.26651266 -0.050594084 -0.101887363 160.59775311 0.1779846759 0.1320011699 161.54571961
 234.20000000 435053.55141 6478560.1589 -179.2996298 234.19962982 -0.000587735 -0.196108448 145.07203350 0.2800000000 0.1320011699 146.02000000
 254.40000000 435053.64034 6478560.0479 -199.4991124 254.39911243 0.0883350127 -0.307090910 137.84900245 0.5284915961 0.3759997985 138.79696895
 274.60000000 435053.79680 6478559.8786 -219.6977797 274.59777974 0.2447955154 -0.476377559 135.26203350 0.7800000000 0.3759997985 136.21000000
 288.06666667 435053.94735 6478559.7330 -233.1628066 288.06280657 0.3953487808 -0.622045022 131.43350526 1.0042664480 0.5166751197 132.38147176
 301.53333333 435054.14537 6478559.5605 -246.6269024 301.52690238 0.5933688399 -0.794462094 129.00933854 1.2313750167 0.5166751197 129.95730503
 315.00000000 435054.39085 6478559.3614 -260.0898465 314.98984653 0.8388524480 -0.993625960 127.34203350 1.4600000000 0.5166751197 128.29000000
 328.43333333 435054.72495 6478559.1101 -273.5165965 328.41659648 1.1729483892 -1.244901118 125.06906465 2.1085793955 1.4567539847 126.01703114
 341.86666667 435055.19011 6478558.7803 -286.9377417 341.83774168 1.6381090419 -1.574682930 123.86611628 2.7589141102 1.4567539847 124.81408277
 355.30000000 435055.78627 6478558.3721 -300.3515426 355.25154256 2.2342741153 -1.982928650 123.12203350 3.4100000000 1.4567539847 124.07000000
 368.76666667 435056.49932 6478557.8775 -313.7901460 368.69014596 2.9473214186 -2.477450750 124.37072455 3.9820791665 1.2869124193 125.31869105
 382.23333333 435057.31184 6478557.2912 -327.2193988 382.11939875 3.7598438487 -3.063839559 125.30581320 4.5555703439 1.2869124193 126.25377969
 395.70000000 435058.22376 6478556.6130 -340.6379358 395.53793579 4.6717588091 -3.742035469 126.03203350 5.1300000000 1.2869124193 126.98000000
 409.16666667 435059.16650 6478555.8465 -354.0496142 408.94961425 5.6144967501 -4.508514262 130.25456563 5.2335488760 0.8801029681 131.20253212
 422.63333333 435060.07152 6478554.9952 -367.4587758 422.35877580 6.5195186572 -5.359771163 134.29294247 5.3641899559 0.8801029681 135.24090896
 436.10000000 435060.93878 6478554.0592 -380.8647829 435.76478293 7.3867815024 -6.295765692 138.12203350 5.5200000000 0.8801029681 139.07000000
 448.86666667 435061.70576 6478553.1018 -393.5723023 448.47230227 8.1537613568 -7.253189524 142.58636277 5.5203442388 1.0089023648 143.53432926
 461.63333333 435062.39813 6478552.0846 -406.2794575 461.17945745 8.8461308872 -8.270436455 147.02349208 5.5538755717 1.0089023648 147.97145858
 474.40000000 435063.01585 6478551.0076 -418.9855350 473.88553496 9.4638512164 -9.347449359 151.38203350 5.6200000000 1.0089023648 152.33000000
 487.86666667 435063.59657 6478549.8031 -432.3855799 487.28557993 10.044569529 -10.55187490 155.18413860 5.7868951056 0.9199810506 156.13210510
 501.33333333 435064.11429 6478548.5250 -445.7813785 500.68137854 10.562292044 -11.82997647 158.75922064 5.9776295510 0.9199810506 159.70718713
 514.80000000 435064.56899 6478547.1733 -459.1722349 514.07223487 11.016991866 -13.18168767 162.10203350 6.1900000000 0.9199810506 163.05000000
 528.90000000 435064.97930 6478545.6772 -473.1865366 528.08653664 11.427296954 -14.67780211 165.26428051 6.4527737566 0.9279059072 166.21224701
 543.00000000 435065.32403 6478544.0965 -487.1933124 542.09331239 11.772032258 -16.25850014 168.17209805 6.7334901279 0.9279059072 169.12006455
 557.10000000 435065.60318 6478542.4313 -501.1917506 556.09175063 12.051177805 -17.92369018 170.84203350 7.0300000000 0.9279059072 171.79000000
 570.56666667 435065.83057 6478540.7718 -514.5537579 569.45375787 12.278570154 -19.58318101 171.64412758 7.2653865060 0.5695503597 172.59209407
 584.03333333 435066.04218 6478539.0548 -527.9087482 582.80874821 12.490184593 -21.30020652 172.39600642 7.5020935587 0.5695503597 173.34397292
 597.50000000 435066.23802 6478537.2803 -541.2564557 596.15645572 12.686016907 -23.07473253 173.10203350 7.7400000000 0.5695503597 174.05000000
 610.93333333 435066.42569 6478535.4523 -554.5634156 609.46341559 12.873688388 -24.90268239 173.27551927 7.9899340531 0.5606769387 174.22348577
 624.36666667 435066.61375 6478533.5661 -567.8622292 622.76222918 13.061750970 -26.78890629 173.43854542 8.2399360540 0.5606769387 174.38651192
 637.80000000 435066.80220 6478531.6216 -581.1526412 636.05264117 13.250201042 -28.73336802 173.59203350 8.4900000000 0.5606769387 174.54000000
 658.00000000 435067.07555 6478528.6137 -601.1253878 656.02538775 13.523547552 -31.74131247 174.12022727 8.7146535827 0.3536708933 175.06819377
 678.20000000 435067.32825 6478525.5253 -621.0861150 675.98611503 13.776251874 -34.82971453 174.62203350 8.9400000000 0.3536708933 175.57000000
 698.35000000 435067.54595 6478522.3682 -640.9858645 695.88586453 13.993950630 -37.98684210 175.58242957 9.1387912934 0.3715613996 176.53039607
 718.50000000 435067.71548 6478519.1386 -660.8744412 715.77444123 14.163480723 -41.21644647 176.50203350 9.3400000000 0.3715613996 177.45000000
 731.96666667 435067.75826 6478516.9233 -674.1574126 729.05741257 14.206257675 -43.43166218 179.34900299 9.6119754199 1.2070262720 180.29696948
 745.43333333 435067.69218 6478514.6431 -687.4292660 742.32926600 14.140180248 -45.71194129 182.03468674 9.9059412682 1.2070262720 182.98265324
 758.90000000 435067.51725 6478512.2979 -700.6888147 755.58881467 13.965254350 -48.05707988 184.56203350 10.220000000 1.2070262720 185.51000000
 769.00000000 435067.30562 6478510.4848 -710.6223235 765.52232351 13.753622962 -49.87021382 186.81464918 10.616735125 1.6887726267 187.76261567
 779.10000000 435067.01476 6478508.6118 -720.5426967 775.44269671 13.462762584 -51.74324729 188.90390337 11.028353110 1.6887726267 189.85186986
 789.20000000 435066.64470 6478506.6790 -730.4489575 785.34895746 13.092701858 -53.67599585 190.84232493 11.453249270 1.6887726267 191.79029143
 799.30000000 435066.19548 6478504.6867 -740.3401303 795.24013029 12.643477223 -55.66826919 192.64203350 11.890000000 1.6887726267 193.59000000
 812.76666667 435065.47841 6478501.9385 -753.5035719 808.40357190 11.926407148 -58.41648687 194.66175034 12.473579823 1.6096460008 195.60971683
 826.23333333 435064.63072 6478499.0861 -766.6370243 821.53702432 11.078723066 -61.26892359 196.50169756 13.070844031 1.6096460008 197.44966406
 839.70000000 435063.65256 6478496.1299 -779.7383989 834.63839887 10.100559787 -64.22512572 198.18203350 13.680000000 1.6096460008 199.13000000
 853.13333333 435062.57058 6478493.0856 -792.7770947 847.67709468 9.0185788291 -67.26940402 199.03935151 14.163912086 1.1747517446 199.98731801
 866.56666667 435061.40624 6478489.9539 -805.7879439 860.68794392 7.8542383021 -70.40109836 199.84098775 14.650670288 1.1747517446 200.78895424
 880.00000000 435060.15964 6478486.7351 -818.7698499 873.66984993 6.6076363481 -73.61994479 200.59203350 15.140000000 1.1747517446 201.54000000
 893.46666667 435058.87335 6478483.5208 -831.7835254 886.68352537 5.3213481644 -76.83418530 201.14161476 14.665243694 1.1034883752 202.08958126
 906.93333333 435057.59633 6478480.4191 -844.8254113 899.72541128 4.0443345925 -79.93589253 201.72708306 14.191862884 1.1034883752 202.67504956
 920.40000000 435056.32869 6478477.4302 -857.8945329 912.79453291 2.7766910773 -82.92483465 202.35203350 13.720000000 1.1034883752 203.30000000
 933.86666667 435055.07166 6478474.4620 -870.9694337 925.86943366 1.5196624628 -85.89304330 201.66364259 13.988166483 0.7012236885 202.61160908
 947.33333333 435053.82646 6478471.4224 -884.0290448 938.92904484 0.2744555463 -88.93264041 201.00072875 14.258201215 0.7012236885 201.94869525
 960.80000000 435052.59311 6478468.3115 -897.0729723 951.97297228 -0.958892088 -92.04353423 200.36203350 14.530000000 0.7012236885 201.31000000
 974.23333333 435051.34871 6478465.1003 -910.0569695 964.95696947 -2.203287865 -95.25468078 200.11253674 15.189757730 1.4803139385 201.06050324
 987.66666667 435050.06437 6478461.7446 -923.0004292 977.90042921 -3.487628420 -98.61038536 199.88334677 15.849767824 1.4803139385 200.83131326
 1001.1000000 435048.74026 6478458.2448 -935.9016192 990.80161916 -4.811741857 -102.1101989 199.67203350 16.510000000 1.4803139385 200.62000000
 1021.3500000 435046.70649 6478452.8800 -955.3212392 1010.2212392 -6.845514468 -107.4750410 199.95551437 16.419807810 0.1789474921 200.90348087
 1041.6000000 435044.65701 6478447.5538 -974.7498509 1029.6498509 -8.894993468 -112.8012344 200.24203350 16.330000000 0.1789474921 201.19000000
 1055.0333333 435043.25362 6478444.0559 -987.6432345 1042.5432345 -10.29838241 -116.2990957 201.58704385 16.271424153 0.8531564962 202.53501034
 1068.4666667 435041.77305 6478440.6033 -1000.540186 1055.4401862 -11.77894772 -119.7517039 202.94081635 16.221397703 0.8531564962 203.88878284
 1081.9000000 435040.21538 6478437.1961 -1013.440133 1068.3401326 -13.33662357 -123.1589056 204.30203350 16.180000000 0.8531564962 205.25000000
 1092.0000000 435038.96427 6478434.6463 -1023.132241 1078.0322405 -14.58773212 -125.7086613 206.05767329 16.499662604 1.7474381422 207.00563978
 1102.1000000 435037.61129 6478432.0865 -1032.807985 1087.7079847 -15.94071431 -128.2684805 207.74700396 16.833426082 1.7474381422 208.69497046
 1112.2000000 435036.15657 6478429.5169 -1042.466345 1097.3663452 -17.39542751 -130.8380933 209.37127498 17.180468118 1.7474381422 210.31924148
 1122.3000000 435034.60028 6478426.9378 -1052.106304 1107.0063037 -18.95171834 -133.4172287 210.93203350 17.540000000 1.7474381422 211.88000000
 1132.3750000 435032.94577 6478424.3949 -1061.713300 1116.6132998 -20.60622523 -135.9600939 213.27259180 17.528904818 2.0998637900 214.22055829
 1142.4500000 435031.18852 6478421.9214 -1071.320156 1126.2201559 -22.36348008 -138.4336132 215.61246766 17.545278783 2.0998637900 216.56043415
 1152.5250000 435029.32878 6478419.5176 -1080.925417 1135.8254169 -24.22321668 -140.8374121 217.94459038 17.589045118 2.0998637900 218.89255687
 1162.6000000 435027.36685 6478417.1839 -1090.527627 1145.4276275 -26.18515330 -143.1711262 220.26203350 17.660000000 2.0998637900 221.21000000
 1172.7000000 435025.33246 6478414.9444 -1100.163388 1155.0633885 -28.21954480 -145.4106457 222.37213649 17.221122762 2.2863206571 223.32010298
 1182.8000000 435023.26539 6478412.8346 -1109.821467 1164.7214666 -30.28660602 -147.5204257 224.58627157 16.805317041 2.2863206571 225.53423806
 1192.9000000 435021.16604 6478410.8549 -1119.500119 1174.4001188 -32.38596393 -149.5000852 226.90607389 16.414337573 2.2863206571 227.85404038
 1203.0000000 435019.03476 6478409.0057 -1129.197598 1184.0975982 -34.51723962 -151.3492670 229.33203350 16.050000000 2.2863206571 230.28000000
 1216.4333333 435016.18381 6478406.6706 -1142.115167 1197.0151673 -37.36818816 -153.6844302 230.13741071 15.806895032 0.7337463271 231.08537721
 1229.8666667 435013.34247 6478404.4102 -1155.048166 1209.9481661 -40.20952536 -155.9447640 230.96713930 15.566847136 0.7337463271 231.91510580
 1243.3000000 435010.51084 6478402.2248 -1167.996169 1222.8961694 -43.04115781 -158.1301942 231.82203350 15.330000000 0.7337463271 232.77000000
 1253.4250000 435008.31523 6478400.5933 -1177.744308 1232.6443084 -45.23676646 -159.7617403 233.02412439 16.031501509 2.2905211209 233.97209088
 1263.5500000 435005.98984 6478398.9367 -1187.458056 1242.3580564 -47.56215573 -161.4182590 234.12754914 16.739148655 2.2905211209 235.07551564
 1273.6750000 435003.53510 6478397.2556 -1197.135645 1252.0356451 -50.01690229 -163.0994488 235.14360532 17.452193447 2.2905211209 236.09157182
 1283.8000000 435000.95144 6478395.5500 -1206.775313 1261.6753127 -52.60055930 -164.8050035 236.08203350 18.170000000 2.2905211209 237.03000000
 1293.8750000 434998.24675 6478393.8339 -1216.327089 1271.2270892 -55.30525039 -166.5210746 237.21141544 18.921193227 2.4792877060 238.15938194
 1303.9500000 434995.40282 6478392.1043 -1225.835846 1280.7358462 -58.14917579 -168.2507417 238.25725108 19.678710821 2.4792877060 239.20521758
 1314.0250000 434992.42027 6478390.3614 -1235.299575 1290.1995755 -61.13173495 -169.9936395 239.22825005 20.441848905 2.4792877060 240.17621655
 1324.1000000 434989.29970 6478388.6056 -1244.716279 1299.6162786 -64.25229800 -171.7494000 240.13203350 21.210000000 2.4792877060 241.08000000
 1334.2000000 434986.03121 6478386.8203 -1254.103929 1309.0039294 -67.52079420 -173.5346744 240.67433626 22.082688578 2.6593477261 241.62230276
 1344.3000000 434982.62078 6478384.9977 -1263.433690 1318.3336905 -70.93122139 -175.3573237 241.17735505 22.957035793 2.6593477261 242.12532155
 1354.4000000 434979.06925 6478383.1381 -1272.703284 1327.6032838 -74.48274683 -177.2169027 241.64535997 23.832858704 2.6593477261 242.59332646
 1364.5000000 434975.37750 6478381.2420 -1281.910446 1336.8104459 -78.17450336 -179.1129574 242.08203350 24.710000000 2.6593477261 243.03000000
 1384.7000000 434967.87439 6478377.4309 -1300.272606 1355.1726063 -85.67761297 -182.9240981 242.16651386 24.549976173 0.2433432868 243.11448035
 1404.9000000 434960.41140 6478373.6541 -1318.658204 1373.5582039 -93.14060320 -186.7009434 242.25203350 24.390000000 0.2433432868 243.20000000
 1414.9750000 434956.69391 6478371.7207 -1327.819797 1382.7197974 -96.85808909 -188.6342548 240.90797559 24.783081629 2.0353130206 241.85594208
 1425.0500000 434952.96629 6478369.6714 -1336.951981 1391.8519810 -100.5857067 -190.6836215 239.60384742 25.187808143 2.0353130206 240.55181392
 1435.1250000 434949.22907 6478367.5062 -1346.053455 1400.9534552 -104.3229255 -192.8487520 238.33883300 25.603625422 2.0353130206 239.28679950
 1445.2000000 434945.48279 6478365.2257 -1355.122924 1410.0229245 -108.0692136 -195.1293382 237.11203350 26.030000000 2.0353130206 238.06000000
 1455.3000000 434941.70842 6478362.8207 -1364.176366 1419.0763664 -111.8435765 -197.5343225 235.99356254 26.597916319 2.2392180204 236.94152903
 1465.4000000 434937.90568 6478360.2940 -1373.184648 1428.0846478 -115.6463249 -200.0609760 234.91882733 27.174232789 2.2392180204 235.86679382
 1475.5000000 434934.07520 6478357.6461 -1382.146209 1437.0462093 -119.4768004 -202.7088615 233.88567452 27.758423773 2.2392180204 234.83364102
 1485.6000000 434930.21766 6478354.8775 -1391.059499 1445.9594993 -123.3343400 -205.4775204 232.89203350 28.350000000 2.2392180204 233.84000000
 1499.0333333 434925.03346 6478351.1598 -1402.880142 1457.7801419 -128.5185414 -209.1952433 233.92104689 28.378963988 1.0936554294 234.86901338
 1512.4666667 434919.77782 6478347.5318 -1414.697126 1469.5971265 -133.7741775 -212.8232044 234.94788048 28.415640654 1.0936554294 235.89584698
 1525.9000000 434914.45114 6478343.9939 -1426.509590 1481.4095900 -139.1008643 -216.3611385 235.97203350 28.460000000 1.0936554294 236.92000000
 1539.3666667 434909.03416 6478340.5558 -1438.348380 1493.2483797 -144.5178354 -219.7991614 237.32720434 28.469924799 1.4390372412 238.27517084
 1552.8333333 434903.53449 6478337.2451 -1450.185305 1505.0853053 -150.0175111 -223.1099393 238.68092500 28.493269180 1.4390372412 239.62889150
 1566.3000000 434897.95281 6478334.0619 -1462.018862 1516.9188621 -155.5991924 -226.2930513 240.03203350 28.530000000 1.4390372412 240.98000000
 1586.4500000 434889.51455 6478329.4302 -1479.719159 1534.6191586 -164.0374485 -230.9247541 240.54761137 28.564028009 0.3703060391 241.49557786
 1606.6000000 434881.02548 6478324.8695 -1497.413569 1552.3135695 -172.5265158 -235.4855378 241.06203350 28.600000000 0.3703060391 242.01000000
 1620.0666667 434875.36050 6478321.8050 -1509.238915 1564.1389149 -178.1914988 -238.5499537 240.22018886 28.568123504 0.9000782391 241.16815536
 1633.5333333 434869.74647 6478318.6606 -1521.067551 1575.9675508 -183.8055307 -241.6944002 239.37676290 28.541451940 0.9000782391 240.32472939
 1647.0000000 434864.18367 6478315.4363 -1532.898889 1587.7988891 -189.3683323 -244.9187208 238.53203350 28.520000000 0.9000782391 239.48000000
 1660.4333333 434858.68953 6478312.1291 -1544.701502 1599.6015024 -194.8624667 -248.2259038 237.48077623 28.531919024 1.1214740837 238.42874272
 1673.8666667 434853.25419 6478308.7200 -1556.502328 1611.4023279 -200.2978126 -251.6350323 236.43059573 28.551924720 1.1214740837 237.37856222
 1687.3000000 434847.87805 6478305.2092 -1568.300459 1623.2004591 -205.6739525 -255.1458445 235.38203350 28.580000000 1.1214740837 236.33000000
 1700.7666667 434842.55070 6478301.5919 -1580.126519 1635.0265192 -211.0012986 -258.7631423 234.36856522 28.575803154 1.0800202244 235.31653172
 1714.2333333 434837.28825 6478297.8809 -1591.952628 1646.8526277 -216.2637531 -262.4740570 233.35506893 28.579137371 1.0800202244 234.30303543
 1727.7000000 434832.09106 6478294.0767 -1603.777938 1658.6779380 -221.4609392 -266.2783229 232.34203350 28.590000000 1.0800202244 233.29000000
 1741.1666667 434826.98103 6478290.1694 -1615.607616 1670.5076160 -226.5709703 -270.1855657 230.95548056 28.502483025 1.4888557353 231.90344705
 1754.6333333 434821.98025 6478286.1498 -1627.446319 1682.3463186 -231.5717480 -274.2052346 229.56173962 28.429112880 1.4888557353 230.50970612
 1768.1000000 434817.08941 6478282.0182 -1639.292435 1694.1924350 -236.4625919 -278.3367826 228.16203350 28.370000000 1.4888557353 229.11000000
 1778.1750000 434813.51149 6478278.8485 -1648.160350 1703.0603499 -240.0405106 -281.5065318 226.86390239 28.301436165 1.8459562446 227.81186889
 1788.2500000 434810.01354 6478275.6049 -1657.033468 1711.9334681 -243.5384623 -284.7501255 225.56051013 28.245201416 1.8459562446 226.50847662
 1798.3250000 434806.59596 6478272.2878 -1665.910751 1720.8107507 -246.9560377 -288.0671838 224.25287398 28.201369948 1.8459562446 225.20084047
 1808.4000000 434803.25916 6478268.8977 -1674.791158 1729.6911585 -250.2928365 -291.4573185 222.94203350 28.170000000 1.8459562446 223.89000000
 1828.6000000 434796.61692 6478262.0460 -1692.593149 1747.4931490 -256.9350768 -298.3090255 223.38296310 28.234295830 0.3238658059 224.33092959
 1848.8000000 434789.90810 6478255.2311 -1710.384298 1765.2842982 -263.6438976 -305.1239049 223.82203350 28.300000000 0.3238658059 224.77000000
 1862.2333333 434785.46826 6478250.6616 -1722.209372 1777.1093720 -268.0837389 -309.6933863 222.63423894 28.349766447 1.2634807459 223.58220544
 1875.6666667 434781.11621 6478245.9929 -1734.028333 1788.9283332 -272.4357884 -314.3620522 221.45065483 28.409788190 1.2634807459 222.39862133
 1889.1000000 434776.85238 6478241.2256 -1745.840030 1800.7400296 -276.6996217 -319.1294475 220.27203350 28.480000000 1.2634807459 221.22000000
 1905.9000000 434771.63412 6478235.1466 -1760.605181 1815.5051814 -281.9178803 -325.2083637 219.11944345 28.506973605 0.9830487381 220.06740995
 1922.7000000 434766.53386 6478228.9578 -1775.365879 1830.2658787 -287.0181363 -331.3972462 217.96920848 28.543652800 0.9830487381 218.91717498
 1939.5000000 434761.55208 6478222.6595 -1790.120759 1845.0207588 -291.9999190 -337.6955237 216.82203350 28.590000000 0.9830487381 217.77000000
 1949.6333333 434758.62162 6478218.7992 -1799.018964 1853.9189644 -294.9303846 -341.5557875 215.68881418 28.580580236 1.6054413367 216.63678067
 1959.7666667 434755.76852 6478214.8823 -1807.917569 1862.8175686 -297.7834840 -345.4726743 214.55525283 28.580580236 1.6054413367 215.50321933
 1969.9000000 434752.99304 6478210.9092 -1816.815774 1871.7157742 -300.5589617 -349.4458330 213.42203350 28.590000000 1.6054413367 214.37000000
 1983.3333333 434749.35930 6478205.5858 -1828.600647 1883.5006470 -304.1926958 -354.7691880 213.31747505 28.776587618 0.4315054964 214.26544155
 1996.7666667 434745.71368 6478200.2242 -1840.364456 1895.2644559 -307.8383241 -360.1308305 213.21414949 28.963254798 0.4315054964 214.16211599
 2010.2000000 434742.05619 6478194.8243 -1852.107067 1907.0070671 -311.4958051 -365.5306994 213.11203350 29.150000000 0.4315054964 214.06000000
 2030.4000000 434736.53263 6478186.6783 -1869.745261 1924.6452612 -317.0193660 -373.6766734 213.27223345 29.189904882 0.1302294265 214.22019995
 2050.6000000 434730.97941 6478178.5376 -1887.376577 1942.2765774 -322.5725886 -381.8173579 213.43203350 29.230000000 0.1302294265 214.38000000
 2064.0333333 434727.24736 6478173.1091 -1899.082395 1953.9823945 -326.3046374 -387.2459329 213.68659888 29.526195160 0.7178668725 214.63456537
 2077.4666667 434723.45698 6478167.6473 -1910.753960 1965.6539601 -330.0950164 -392.7076906 213.93655551 29.822866551 0.7178668725 214.88452201
 2090.9000000 434719.60839 6478162.1525 -1922.390907 1977.2909068 -333.9436063 -398.2024590 214.18203350 30.120000000 0.7178668725 215.13000000
 2104.3666667 434715.74640 6478156.6050 -1934.036868 1988.9368678 -337.8055978 -403.7500301 213.61056412 30.160867013 0.6456864187 214.55853061
 2117.8333333 434711.93505 6478151.0121 -1945.677857 2000.5778567 -341.6169525 -409.3428649 213.04053816 30.204203913 0.6456864187 213.98850465
 2131.3000000 434708.17443 6478145.3742 -1957.313576 2012.2135757 -345.3775729 -414.9808204 212.47203350 30.250000000 0.6456864187 213.42000000
 2144.7333333 434704.49499 6478139.6944 -1968.916287 2023.8162870 -349.0570073 -420.6606385 211.50350905 30.276224941 1.0916318769 212.45147555
 2158.1666667 434700.90882 6478133.9481 -1980.515477 2035.4154774 -352.6431825 -426.4069029 210.53670774 30.309566155 1.0916318769 211.48467423
 2171.6000000 434697.41616 6478128.1358 -1992.110303 2047.0103027 -356.1358373 -432.2191955 209.57203350 30.350000000 1.0916318769 210.52000000
 2181.7000000 434694.83331 6478123.6930 -2000.804030 2055.7040301 -358.7186885 -436.6620158 208.88065717 30.844815393 1.8035256814 209.82862366
 2191.8000000 434692.26649 6478119.1544 -2009.452872 2064.3528724 -361.2855094 -441.2006372 208.20906260 31.343198273 1.8035256814 209.15702910
 2201.9000000 434689.71599 6478114.5205 -2018.055858 2072.9558584 -363.8360119 -445.8345500 207.55644513 31.844979683 1.8035256814 208.50441163
 2212.0000000 434687.18209 6478109.7918 -2026.612022 2081.5120219 -366.3699093 -450.5632336 206.92203350 32.350000000 1.8035256814 207.87000000
 2222.0750000 434684.65068 6478104.9860 -2035.096160 2089.9961596 -368.9013220 -455.3690195 206.73893263 32.924624809 1.7361219166 207.68689913
 2232.1500000 434682.09511 6478100.0971 -2043.525365 2098.4253648 -371.4568872 -460.2579011 206.56141841 33.499508435 1.7361219166 207.50938490
 2242.2250000 434679.51566 6478095.1256 -2051.898764 2106.7987644 -374.0363403 -465.2293721 206.38920712 34.074637625 1.7361219166 207.33717361
 2252.3000000 434676.91259 6478090.0721 -2060.215491 2115.1154914 -376.6394143 -470.2829176 206.22203350 34.650000000 1.7361219166 207.17000000
 2269.5000000 434672.46798 6478081.3942 -2074.382803 2129.2828027 -381.0840208 -478.9608362 206.12256799 34.439959299 0.3793285065 207.07053449
 2286.7000000 434668.06214 6478072.7548 -2088.585766 2143.4857665 -385.4898632 -487.6001987 206.02203350 34.230000000 0.3793285065 206.97000000
 2301.1000000 434664.43360 6478065.5855 -2100.533492 2155.4334922 -389.1184020 -494.7694844 205.77019444 33.632796809 1.2781755554 206.71816094
 2315.5000000 434660.89299 6478058.5118 -2112.564313 2167.4643131 -392.6590075 -501.8432348 205.51034112 33.036120334 1.2781755554 206.45830762
 2329.9000000 434657.44073 6478051.5344 -2124.676850 2179.5768498 -396.1112736 -508.8206391 205.24203350 32.440000000 1.2781755554 206.19000000
 2343.3333333 434654.25789 6478045.0437 -2135.997582 2190.8975825 -399.2941082 -515.3112733 205.10681722 32.699858097 0.6026659710 206.05478372
 2356.7666667 434651.06781 6478038.4996 -2147.285392 2202.1853919 -402.4841880 -521.8554301 204.97349857 32.959859229 0.6026659710 205.92146507
 2370.2000000 434647.87056 6478031.9020 -2158.540028 2213.4400276 -405.6814422 -528.4529643 204.84203350 33.220000000 0.6026659710 205.79000000
 2390.4000000 434643.06493 6478021.9367 -2175.438326 2230.3383261 -410.4870732 -538.4183165 204.75202151 33.224967601 0.0736134095 205.69998801
 2410.6000000 434638.27432 6478011.9625 -2192.335659 2247.2356586 -415.2776829 -548.3925341 204.66203350 33.230000000 0.0736134095 205.61000000
 2430.7500000 434633.51301 6478002.0070 -2209.192612 2264.0926122 -420.0389870 -558.3479774 204.56208683 33.209960010 0.0868112800 205.51005332
 2450.9000000 434628.77162 6477992.0486 -2226.053418 2280.9534182 -424.7803793 -568.3064042 204.46203350 33.190000000 0.0868112800 205.41000000
 2471.1000000 434624.02064 6477982.0767 -2242.963301 2297.8633010 -429.5313578 -578.2783205 204.59184233 33.134932495 0.1334525726 205.53980883
 2491.3000000 434619.25407 6477972.1302 -2259.883783 2314.7837829 -434.2979346 -588.2247939 204.72203350 33.080000000 0.1334525726 205.67000000
 2504.7666667 434616.04206 6477965.5305 -2271.172733 2326.0727331 -437.5099443 -594.8244735 205.28635146 33.000777776 0.7077865084 206.23431795
 2518.2333333 434612.77192 6477958.9766 -2282.471662 2337.3716620 -440.7800776 -601.3783858 205.85303864 32.924105090 0.7077865084 206.80100513
 2531.7000000 434609.44377 6477952.4687 -2293.780222 2348.6802221 -444.1082341 -607.8863291 206.42203350 32.850000000 0.7077865084 207.37000000
 2545.1666667 434606.06997 6477945.9245 -2305.054190 2359.9541895 -447.4820254 -614.4305492 206.22933473 33.463049878 1.3857382034 207.17730122
 2558.6333333 434602.66313 6477939.2621 -2316.248688 2371.1486876 -450.8888653 -621.0929090 206.04277710 34.076388378 1.3857382034 206.99074360
 2572.1000000 434599.22365 6477932.4824 -2327.362397 2382.2623971 -454.3283523 -627.8726233 205.86203350 34.690000000 1.3857382034 206.81000000
 2582.1750000 434596.61146 6477927.3106 -2335.603156 2390.5031558 -456.9405371 -633.0443500 205.83812554 35.549993524 2.5611021959 206.78609204
 2592.2500000 434593.94599 6477922.0281 -2343.755993 2398.6559929 -459.6060140 -638.3269487 205.81520133 36.409991573 2.5611021959 206.76316782
 2602.3250000 434591.22782 6477916.6358 -2351.819071 2406.7190713 -462.3241823 -643.7192289 205.79319165 37.269993828 2.5611021959 206.74115814
 2612.4000000 434588.45757 6477911.1350 -2359.790574 2414.6905739 -465.0944295 -649.2199756 205.77203350 38.130000000 2.5611021959 206.72000000
 2622.5000000 434585.62170 6477905.5073 -2367.681498 2422.5814981 -467.9302994 -654.8476781 205.81985514 39.112473251 2.9195836788 206.76782163
 2632.6000000 434582.72069 6477899.7620 -2375.463169 2430.3631688 -470.8313139 -660.5929724 205.86570107 40.094965232 2.9195836788 206.81366756
 2642.7000000 434579.75538 6477893.9008 -2383.133296 2438.0332957 -473.7966192 -666.4541675 205.90971657 41.077474565 2.9195836788 206.85768307
 2652.8000000 434576.72666 6477887.9255 -2390.689622 2445.5896218 -476.8253427 -672.4295386 205.95203350 42.060000000 2.9195836788 206.90000000
 2662.9000000 434573.64580 6477881.8306 -2398.128453 2453.0284526 -479.9062014 -678.5243735 205.78573998 43.067167981 3.0101848170 206.73370648
 2673.0000000 434570.52414 6477875.6112 -2405.446037 2460.3460369 -483.0278587 -684.7438494 205.62558703 44.074567844 3.0101848170 206.57355353
 2683.1000000 434567.36266 6477869.2690 -2412.640085 2467.5400854 -486.1893379 -691.0860204 205.47114820 45.082183439 3.0101848170 206.41911470
 2693.2000000 434564.16235 6477862.8061 -2419.708348 2474.6083475 -489.3896501 -697.5489025 205.32203350 46.090000000 3.0101848170 206.27000000
 2701.2800000 434561.59812 6477857.5330 -2425.265270 2480.1652700 -491.9538779 -702.8220472 204.65274402 47.006868576 3.8526337588 205.60071052
 2709.3600000 434559.05703 6477852.1508 -2430.727422 2485.6274218 -494.4949686 -708.2042158 204.00317232 47.927521845 3.8526337588 204.95113882
 2717.4400000 434556.53991 6477846.6614 -2436.093011 2490.9930115 -497.0120886 -713.6936428 203.37221176 48.851733169 3.8526337588 204.32017826
 2725.5200000 434554.04759 6477841.0665 -2441.360279 2496.2602793 -499.5044125 -719.2885281 202.75882387 49.779291483 3.8526337588 203.70679036
 2733.6000000 434551.58088 6477835.3680 -2446.527498 2501.4274977 -501.9711228 -724.9870365 202.16203350 50.710000000 3.8526337588 203.11000000
 2741.6600000 434549.13716 6477829.5819 -2451.575612 2506.4756123 -504.4148358 -730.7731469 201.73788254 51.731210235 3.9952943252 202.68584903
 2749.7200000 434546.70172 6477823.6958 -2456.510859 2511.4108592 -506.8502843 -736.6591824 201.32550320 52.753904926 3.9952943252 202.27346970
 2757.7800000 434544.27539 6477817.7119 -2461.331506 2516.2315062 -509.2766133 -742.6430774 200.92417533 53.777991298 3.9952943252 201.87214183
 2765.8400000 434541.85903 6477811.6323 -2466.035861 2520.9358614 -511.6929713 -748.7227316 200.53322766 54.803383097 3.9952943252 201.48119415
 2773.9000000 434539.45349 6477805.4590 -2470.622274 2525.5222738 -514.0985102 -754.8960113 200.15203350 55.830000000 3.9952943252 201.10000000
 2784.0000000 434536.43589 6477797.6250 -2476.233120 2531.1331201 -517.1161134 -762.7300150 200.08517051 56.674949042 2.5151763946 201.03313701
 2794.1000000 434533.39802 6477789.7111 -2481.719511 2536.6195114 -520.1539764 -770.6438686 200.01959184 57.519933214 2.5151763946 200.96755833
 2804.2000000 434530.34056 6477781.7192 -2487.080250 2541.9802496 -523.2114356 -778.6358436 199.95523314 58.364950756 2.5151763946 200.90319964
 2814.3000000 434527.26418 6477773.6508 -2492.314164 2547.2141637 -526.2878232 -786.7041944 199.89203350 59.210000000 2.5151763946 200.84000000
 2824.3750000 434524.16541 6477765.5462 -2497.429323 2552.3293232 -529.3865851 -794.8088377 200.05980911 59.767189974 1.7140430781 201.00777560
 2834.4500000 434521.02532 6477757.4046 -2502.459816 2557.3598160 -532.5266807 -802.9504452 200.22569330 60.324591262 1.7140430781 201.17365980
 2844.5250000 434517.84421 6477749.2268 -2507.405134 2562.3051344 -535.7077930 -811.1281950 200.38974809 60.882196863 1.7140430781 201.33771459
 2854.6000000 434514.62240 6477741.0137 -2512.264779 2567.1647792 -538.9296009 -819.3412616 200.55203350 61.440000000 1.7140430781 201.50000000
 2864.7000000 434511.37928 6477732.7336 -2517.047660 2571.9476601 -542.1727248 -827.6213716 200.33101179 62.029488193 1.8439573602 201.27897829
 2874.8000000 434508.15034 6477724.3957 -2521.738739 2576.6387388 -545.4016583 -835.9593084 200.11239294 62.619325722 1.8439573602 201.06035943
 2884.9000000 434504.93598 6477716.0009 -2526.337464 2581.2374645 -548.6160223 -844.3540933 199.89609372 63.209500291 1.8439573602 200.84406022
 2895.0000000 434501.73656 6477707.5503 -2530.843297 2585.7432972 -551.8154394 -852.8047407 199.68203350 63.800000000 1.8439573602 200.63000000
 2908.4666667 434497.46140 6477696.2327 -2536.749515 2591.6495150 -556.0905975 -864.1223497 199.80949550 64.173223676 0.8697176623 200.75746199
 2921.9333333 434493.14758 6477684.8888 -2542.576762 2597.4767617 -560.4044238 -875.4661636 199.93615618 64.546557845 0.8697176623 200.88412267
 2935.4000000 434488.79528 6477673.5193 -2548.324767 2603.2247667 -564.7567181 -886.8356559 200.06203350 64.920000000 0.8697176623 201.01000000
 2948.8666667 434484.40022 6477662.1305 -2554.001487 2608.9014873 -569.1517849 -898.2244757 200.24624005 65.216443714 0.7580193438 201.19420654
 2962.3333333 434479.95804 6477650.7286 -2559.614926 2614.5149257 -573.5939596 -909.6263565 200.42956825 65.513111745 0.7580193438 201.37753475
 2975.8000000 434475.46891 6477639.3141 -2565.164884 2620.0648841 -578.0830855 -921.0408960 200.61203350 65.810000000 0.7580193438 201.56000000
 2989.2666667 434470.95447 6477627.8620 -2570.615756 2625.5157558 -582.5975279 -932.4930465 200.52118201 66.436615056 1.4081393033 201.46914850
 3002.7333333 434466.43661 6477616.3479 -2575.931625 2630.8316252 -587.1153912 -944.0070978 200.43119314 67.063282399 1.4081393033 201.37915963
 3016.2000000 434461.91587 6477604.7734 -2581.111845 2636.0118455 -591.6361255 -955.5816487 200.34203350 67.690000000 1.4081393033 201.29000000
 3029.6333333 434457.36206 6477593.2176 -2586.218030 2641.1180300 -596.1899358 -967.1374327 200.77832222 67.628828203 0.9115037536 201.72628871
 3043.0666667 434452.72237 6477581.7018 -2591.337351 2646.2373505 -600.8296251 -978.6531779 201.21499086 67.568826704 0.9115037536 202.16295735
 3056.5000000 434447.99704 6477570.2267 -2596.469547 2651.3695472 -605.5549582 -990.1283000 201.65203350 67.510000000 0.9115037536 202.60000000
 3076.2000000 434441.01084 6477553.4330 -2604.021115 2658.9211147 -612.5411567 -1006.921954 201.62705166 67.409998066 0.1562882855 202.57501815
 3095.9000000 434434.03704 6477536.6485 -2611.604427 2666.5044272 -619.5149607 -1023.706463 201.60203350 67.310000000 0.1562882855 202.55000000
 3109.6666667 434429.20918 6477524.9322 -2616.973599 2671.8735989 -624.3428231 -1035.422755 201.29120565 66.779377188 1.3138061794 202.23917214
 3123.4333333 434424.46408 6477513.2364 -2622.459869 2677.3598690 -629.0879220 -1047.118632 200.97789932 66.249370226 1.3138061794 201.92586582
 3137.2000000 434419.80227 6477501.5622 -2628.062630 2682.9626301 -633.7497318 -1058.792798 200.66203350 65.720000000 1.3138061794 201.61000000
 3150.6666667 434415.26354 6477490.1673 -2633.612605 2688.5126046 -638.2884622 -1070.187710 200.87829920 65.603024946 0.5104841987 201.82626569
 3164.1333333 434410.68602 6477478.8001 -2639.187585 2694.0875848 -642.8659751 -1081.554877 201.09496525 65.486357533 0.5104841987 202.04293174
 3177.6000000 434406.06980 6477467.4609 -2644.787481 2699.6874814 -647.4821976 -1092.894117 201.31203350 65.370000000 0.5104841987 202.26000000
 3191.0333333 434401.38922 6477456.1675 -2650.346296 2705.2462956 -652.1627828 -1104.187510 201.81495357 65.741702092 1.3170107434 202.76292007
 3204.4666667 434396.59595 6477444.8825 -2655.825481 2710.7254806 -656.9560491 -1115.472523 202.31493517 66.115048056 1.3170107434 203.26290167
 3217.9000000 434391.69051 6477433.6070 -2661.224456 2716.1244559 -661.8614887 -1126.747962 202.81203350 66.490000000 1.3170107434 203.76000000
 3238.1000000 434384.25259 6477416.6690 -2669.322814 2724.2228135 -669.2994068 -1143.685950 202.70723519 66.239964522 0.3977736172 203.65520169
 3258.3000000 434376.85994 6477399.7500 -2677.501840 2732.4018396 -676.6920583 -1160.605011 202.60203350 65.990000000 0.3977736172 203.55000000
 3271.7333333 434371.93429 6477388.5113 -2682.958929 2737.8589286 -681.6177121 -1171.843681 202.83566745 66.072981221 0.5115204013 203.78363395
 3285.1666667 434366.95967 6477377.2856 -2688.398196 2743.2981964 -686.5923255 -1183.069413 203.06900069 66.156315166 0.5115204013 204.01696718
 3298.6000000 434361.93618 6477366.0730 -2693.819556 2748.7195558 -691.6158190 -1194.282026 203.30203350 66.240000000 0.5115204013 204.25000000
 3312.0666667 434356.83049 6477354.8567 -2699.239071 2754.1390713 -696.7215104 -1205.498334 203.75244542 66.298699589 0.9278143482 204.70041191
 3325.5333333 434351.63446 6477343.6757 -2704.645814 2759.5458137 -701.9175389 -1216.679261 204.20244788 66.358701220 0.9278143482 205.15041438
 3339.0000000 434346.34837 6477332.5308 -2710.039497 2764.9394972 -707.2036300 -1227.824217 204.65203350 66.420000000 0.9278143482 205.60000000
 3352.4666667 434341.04052 6477321.3985 -2715.438080 2770.3380797 -712.5114840 -1238.956477 204.43572142 66.313031725 0.5016751226 205.38368791
 3365.9333333 434335.77907 6477310.2554 -2720.859653 2775.7596533 -717.7729325 -1250.099595 204.21905521 66.206364385 0.5016751226 205.16702170
 3379.4000000 434330.56411 6477299.1016 -2726.304134 2781.2041343 -722.9878942 -1261.253400 204.00203350 66.100000000 0.5016751226 204.95000000
 3389.4750000 434326.73336 6477290.7212 -2730.370958 2785.2709585 -726.8186406 -1269.633830 203.23368598 66.286870804 2.1659080937 204.18165248
 3399.5500000 434323.00979 6477282.2780 -2734.407392 2789.3073920 -730.5422102 -1278.077014 202.46755893 66.477524499 2.1659080937 203.41552542
 3409.6250000 434319.39400 6477273.7734 -2738.412784 2793.3127843 -734.1580029 -1286.581590 201.70366962 66.671916055 2.1659080937 202.65163612
 3419.7000000 434315.88656 6477265.2088 -2742.386490 2797.2864898 -737.6654359 -1295.146188 200.94203350 66.870000000 2.1659080937 201.89000000
 3433.1666667 434311.30765 6477253.7304 -2747.727248 2802.6272485 -742.2443482 -1306.624584 200.65743494 66.399472436 1.1989462837 201.60540144
 3446.6333333 434306.80220 6477242.2705 -2753.169292 2808.0692924 -746.7497993 -1318.084493 200.37078788 65.929467233 1.1989462837 201.31875438
 3460.1000000 434302.37061 6477230.8301 -2758.712141 2813.6121415 -751.1813916 -1329.524906 200.08203350 65.460000000 1.1989462837 201.03000000
 3480.3000000 434295.75889 6477213.7041 -2767.125837 2822.0258372 -757.7931129 -1346.650920 200.24184093 65.309915214 0.3102262082 201.18980742
 3500.5000000 434289.10738 6477196.6172 -2775.587582 2830.4875819 -764.4446222 -1363.737826 200.40203350 65.160000000 0.3102262082 201.35000000
 3513.9333333 434284.61077 6477185.2854 -2781.219666 2836.1196664 -768.9412349 -1375.069638 200.98970155 65.264384865 1.2140829673 201.93766805
 3527.3666667 434279.99435 6477173.9906 -2786.829279 2841.7292788 -773.5576542 -1386.364354 201.57637315 65.371056559 1.2140829673 202.52433965
 3540.8000000 434275.25854 6477162.7340 -2792.415914 2847.3159143 -778.2934644 -1397.620957 202.16203350 65.480000000 1.2140829673 203.11000000
 3561.0000000 434268.05631 6477145.8240 -2800.781491 2855.6814910 -785.4956920 -1414.531021 202.08196380 65.589978982 0.1959436903 203.02993030
 3581.2000000 434260.87144 6477128.8891 -2809.111753 2864.0117531 -792.6805588 -1431.465874 202.00203350 65.700000000 0.1959436903 202.95000000
 3591.2750000 434257.34551 6477120.4027 -2813.234015 2868.1340151 -796.2064891 -1439.952348 201.22666855 65.996750603 2.2844856744 202.17463504
 3601.3500000 434253.92655 6477111.8495 -2817.308295 2872.2082955 -799.6254507 -1448.505484 200.45489503 66.297382363 2.2844856744 201.40286153
 3611.4250000 434250.61517 6477103.2313 -2821.333864 2876.2338637 -802.9368306 -1457.123748 199.68669135 66.601822895 2.2844856744 200.63465784
 3621.5000000 434247.41196 6477094.5494 -2825.309998 2880.2099980 -806.1400352 -1465.805596 198.92203350 66.910000000 2.2844856744 199.87000000
 3631.6000000 434244.30806 6477085.8339 -2829.353937 2884.2539368 -809.2439379 -1474.521074 198.38557795 65.884518480 3.3778565446 199.33354445
 3641.7000000 434241.31064 6477077.1593 -2833.562713 2888.4627135 -812.2413628 -1483.195739 197.84046413 64.860940280 3.3778565446 198.78843063
 3651.8000000 434238.42087 6477068.5288 -2837.934670 2892.8346701 -815.1311290 -1491.826172 197.28614165 63.839390283 3.3778565446 198.23410815
 3661.9000000 434235.63990 6477059.9460 -2842.468084 2897.3680843 -817.9120981 -1500.408975 196.72203350 62.820000000 3.3778565446 197.67000000
 3669.9800000 434233.44612 6477053.1410 -2846.226743 2901.1267432 -820.1058844 -1507.214012 197.12052669 61.735475304 4.2343346277 198.06849318
 3678.0600000 434231.22726 6477046.4202 -2850.120033 2905.0200333 -822.3247390 -1513.934760 197.52721048 60.652130326 4.2343346277 198.47517698
 3686.1400000 434228.98422 6477039.7864 -2854.146412 2909.0464121 -824.5677828 -1520.568554 197.94263030 59.570045038 4.2343346277 198.89059679
 3694.2200000 434226.71787 6477033.2422 -2858.304284 2913.2042844 -826.8341273 -1527.112767 198.36736568 58.489304629 4.2343346277 199.31533218
 3702.3000000 434224.42913 6477026.7902 -2862.592003 2917.4920031 -829.1228745 -1533.564806 198.80203350 57.410000000 4.2343346277 199.75000000
 3715.7333333 434220.60955 6477016.1888 -2869.898454 2924.7984538 -832.9424522 -1544.166242 198.92987251 56.689864917 1.6259877656 199.87783901
 3729.1666667 434216.79774 6477005.6831 -2877.345991 2932.2459910 -836.7542581 -1554.671937 199.05984074 55.969862922 1.6259877656 200.00780724
 3742.6000000 434212.99432 6476995.2748 -2884.933412 2939.8334121 -840.5576766 -1565.080194 199.19203350 55.250000000 1.6259877656 200.14000000
 3756.0666667 434209.21486 6476984.9309 -2892.678386 2947.5783860 -844.3371421 -1575.424058 199.05454356 54.533172212 1.6164311915 200.00251006
 3769.5333333 434205.49376 6476974.6698 -2900.560563 2955.4605631 -848.0582422 -1585.685182 198.91458081 53.816503142 1.6164311915 199.86254730
 3783.0000000 434201.83162 6476964.4931 -2908.578679 2963.4786794 -851.7203802 -1595.861922 198.77203350 53.100000000 1.6164311915 199.72000000
 3796.4333333 434198.15711 6476954.4364 -2916.686268 2971.5862681 -855.3948922 -1605.918634 199.47690086 52.652394779 1.6045320068 200.42486736
 3809.8666667 434194.38090 6476944.4851 -2924.876892 2979.7768921 -859.1711021 -1615.869883 200.19018258 52.209021510 1.6045320068 201.13814907
 3823.3000000 434190.50358 6476934.6409 -2933.149263 2988.0492634 -863.0484160 -1625.714104 200.91203350 51.770000000 1.6045320068 201.86000000
 3833.3750000 434187.50412 6476927.3274 -2939.392402 2994.2924017 -866.0478850 -1633.027611 201.79282090 51.647536092 2.0905164561 202.74078740
 3843.4500000 434184.39751 6476920.0729 -2945.651972 3000.5519725 -869.1544929 -1640.282119 202.67651173 51.531682641 2.0905164561 203.62447823
 3853.5250000 434181.18423 6476912.8785 -2951.927036 3006.8270360 -872.3677732 -1647.476538 203.56296457 51.422488475 2.0905164561 204.51093107
 3863.6000000 434177.86476 6476905.7452 -2958.216650 3013.1166500 -875.6872436 -1654.609788 204.45203350 51.320000000 2.0905164561 205.40000000
 3873.7000000 434174.43482 6476898.7011 -2964.586886 3019.4868857 -879.1171847 -1661.653874 205.58433633 50.474987104 3.6209470442 206.53230283
 3883.8000000 434170.90757 6476891.8108 -2971.071263 3025.9712635 -882.6444276 -1668.544154 206.74434720 49.641228361 3.6209470442 207.69231370
 3893.9000000 434167.28462 6476885.0775 -2977.666848 3032.5668482 -886.2673758 -1675.277510 207.93319845 48.819347403 3.6209470442 208.88116494
 3904.0000000 434163.56761 6476878.5041 -2984.370654 3039.2706541 -889.9843892 -1681.850893 209.15203350 48.010000000 3.6209470442 210.10000000
 3914.9500000 434159.48808 6476871.4931 -2991.723164 3046.6231638 -894.0639152 -1688.861913 209.34088404 47.629843153 1.1098551969 210.28885053
 3925.9000000 434155.41008 6476864.5378 -2999.129328 3054.0293279 -898.1419213 -1695.817161 209.53203350 47.250000000 1.1098551969 210.48000000
 3935.3750000 434151.92618 6476858.5462 -3005.587198 3060.4871977 -901.6258176 -1701.808805 208.92271410 46.817483052 1.9668082002 209.87068060
 3944.8500000 434148.53070 6476852.5600 -3012.097026 3066.9970258 -905.0212965 -1707.795017 208.30473285 46.388245552 1.9668082002 209.25269935
 3954.3250000 434145.22404 6476846.5799 -3018.658047 3073.5580471 -908.3279589 -1713.775094 207.67790221 45.962384582 1.9668082002 208.62586871
 3963.8000000 434142.00658 6476840.6067 -3025.269490 3080.1694903 -911.5454162 -1719.748333 207.04203350 45.540000000 1.9668082002 207.99000000
 3973.5725000 434138.78325 6476834.4362 -3032.125346 3087.0253459 -914.7687476 -1725.918794 206.22449100 45.358625746 1.8731595342 207.17245750
 3983.3450000 434135.65819 6476828.2393 -3039.002858 3093.9028579 -917.8938071 -1732.115669 205.40190424 45.183119894 1.8731595342 206.34987074
 3993.1175000 434132.63176 6476822.0167 -3045.901246 3100.8012464 -920.9202402 -1738.338254 204.57438029 45.013554443 1.8731595342 205.52234679
 4002.8900000 434129.70430 6476815.7692 -3052.819729 3107.7197289 -923.8477038 -1744.585843 203.74203350 44.850000000 1.8731595342 204.69000000
 4016.2200000 434125.85075 6476807.2146 -3062.285238 3117.1852381 -927.7012466 -1753.140390 202.86093981 44.666487155 1.4560274684 203.80890630
 4029.5500000 434122.14145 6476798.6290 -3071.780205 3126.6802052 -931.4105465 -1761.726017 201.97422430 44.489792073 1.4560274684 202.92219079
 4042.8800000 434118.57687 6476790.0134 -3081.303420 3136.2034198 -934.9751305 -1770.341632 201.08203350 44.320000000 1.4560274684 202.03000000
 4090.0000000 434106.23280 6476759.5065 -3115.015372 3169.9153718 -947.3192018 -1800.848533 201.08203350 44.320000000 0.0000000000 202.03000000
