# WELL TRACE FROM PETREL 
# WELL NAME:              Volve F_F-15_F-15A_F-15A_ACTUAL
# DEFINITIVE SURVEY:      MD Incl Azim survey 1
# WELL HEAD X-COORDINATE: 435053.55200000 (m)
# WELL HEAD Y-COORDINATE: 6478560.35500000 (m)
# WELL DATUM (KB, Kelly bushing, from MSL): 54.90000000 (m)
# WELL TYPE:              DRY
# MD AND TVD ARE REFERENCED (=0) AT WELL DATUM AND INCREASE DOWNWARDS
# ANGLES ARE GIVEN IN DEGREES
# XYZ TRACE IS GIVEN IN COORDINATE SYSTEM ED50-UTM31 ("MENTOR:ED50-UTM31:European 1950 Based UTM, Zone 31 North, Meter") [SIS,501080]
# AZIM_TN: azimuth in True North 
# AZIM_GN: azimuth in Grid North 
# DX DY ARE GIVEN IN GRID NORTH IN m-UNITS
# DEPTH (Z, tvd_z) GIVEN IN m-UNITS
#===============================================================================================================================================
      MD            X            Y            Z           TVD           DX          DY        AZIM_TN        INCL         DLS        AZIM_GN
#===============================================================================================================================================
 145.90000000 435053.55200 6478560.3550 -91.00000000 145.90000000 0.0000000003 0.0000000000 359.05203350 0.0000000000 0.0000000000 0.0000000000
 149.65000000 435053.54965 6478560.3543 -94.74999893 149.64999893 -0.002354775 -0.000689032 252.74203350 0.0750000000 0.6000000000 253.69000000
 153.40000000 435053.54258 6478560.3522 -98.49999143 153.39999143 -0.009419098 -0.002756122 252.74203350 0.1500000000 0.6000000000 253.69000000
 180.33333333 435053.49846 6478560.3176 -125.4332615 180.33326146 -0.053537876 -0.037436495 201.60799555 0.1142156361 0.1320011699 202.55596205
 207.26666667 435053.50141 6478560.2531 -152.3665127 207.26651266 -0.050594084 -0.101887363 160.59775311 0.1779846759 0.1320011699 161.54571961
 234.20000000 435053.55141 6478560.1589 -179.2996298 234.19962982 -0.000587735 -0.196108448 145.07203350 0.2800000000 0.1320011699 146.02000000
 254.40000000 435053.64034 6478560.0479 -199.4991124 254.39911243 0.0883350127 -0.307090910 137.84900245 0.5284915961 0.3759997985 138.79696895
 274.60000000 435053.79680 6478559.8786 -219.6977797 274.59777974 0.2447955154 -0.476377559 135.26203350 0.7800000000 0.3759997985 136.21000000
 288.06666667 435053.94735 6478559.7330 -233.1628066 288.06280657 0.3953487808 -0.622045022 131.43350526 1.0042664480 0.5166751197 132.38147176
 301.53333333 435054.14537 6478559.5605 -246.6269024 301.52690238 0.5933688399 -0.794462094 129.00933854 1.2313750167 0.5166751197 129.95730503
 315.00000000 435054.39085 6478559.3614 -260.0898465 314.98984653 0.8388524480 -0.993625960 127.34203350 1.4600000000 0.5166751197 128.29000000
 328.43333333 435054.72495 6478559.1101 -273.5165965 328.41659648 1.1729483892 -1.244901118 125.06906465 2.1085793955 1.4567539847 126.01703114
 341.86666667 435055.19011 6478558.7803 -286.9377417 341.83774168 1.6381090419 -1.574682930 123.86611628 2.7589141102 1.4567539847 124.81408277
 355.30000000 435055.78627 6478558.3721 -300.3515426 355.25154256 2.2342741153 -1.982928650 123.12203350 3.4100000000 1.4567539847 124.07000000
 368.76666667 435056.49932 6478557.8775 -313.7901460 368.69014596 2.9473214186 -2.477450750 124.37072455 3.9820791665 1.2869124193 125.31869105
 382.23333333 435057.31184 6478557.2912 -327.2193988 382.11939875 3.7598438487 -3.063839559 125.30581320 4.5555703439 1.2869124193 126.25377969
 395.70000000 435058.22376 6478556.6130 -340.6379358 395.53793579 4.6717588091 -3.742035469 126.03203350 5.1300000000 1.2869124193 126.98000000
 409.16666667 435059.16650 6478555.8465 -354.0496142 408.94961425 5.6144967501 -4.508514262 130.25456563 5.2335488760 0.8801029681 131.20253212
 422.63333333 435060.07152 6478554.9952 -367.4587758 422.35877580 6.5195186572 -5.359771163 134.29294247 5.3641899559 0.8801029681 135.24090896
 436.10000000 435060.93878 6478554.0592 -380.8647829 435.76478293 7.3867815024 -6.295765692 138.12203350 5.5200000000 0.8801029681 139.07000000
 448.86666667 435061.70576 6478553.1018 -393.5723023 448.47230227 8.1537613568 -7.253189524 142.58636277 5.5203442388 1.0089023648 143.53432926
 461.63333333 435062.39813 6478552.0846 -406.2794575 461.17945745 8.8461308872 -8.270436455 147.02349208 5.5538755717 1.0089023648 147.97145858
 474.40000000 435063.01585 6478551.0076 -418.9855350 473.88553496 9.4638512164 -9.347449359 151.38203350 5.6200000000 1.0089023648 152.33000000
 487.86666667 435063.59657 6478549.8031 -432.3855799 487.28557993 10.044569529 -10.55187490 155.18413860 5.7868951056 0.9199810506 156.13210510
 501.33333333 435064.11429 6478548.5250 -445.7813785 500.68137854 10.562292044 -11.82997647 158.75922064 5.9776295510 0.9199810506 159.70718713
 514.80000000 435064.56899 6478547.1733 -459.1722349 514.07223487 11.016991866 -13.18168767 162.10203350 6.1900000000 0.9199810506 163.05000000
 528.90000000 435064.97930 6478545.6772 -473.1865366 528.08653664 11.427296954 -14.67780211 165.26428051 6.4527737566 0.9279059072 166.21224701
 543.00000000 435065.32403 6478544.0965 -487.1933124 542.09331239 11.772032258 -16.25850014 168.17209805 6.7334901279 0.9279059072 169.12006455
 557.10000000 435065.60318 6478542.4313 -501.1917506 556.09175063 12.051177805 -17.92369018 170.84203350 7.0300000000 0.9279059072 171.79000000
 570.56666667 435065.83057 6478540.7718 -514.5537579 569.45375787 12.278570154 -19.58318101 171.64412758 7.2653865060 0.5695503597 172.59209407
 584.03333333 435066.04218 6478539.0548 -527.9087482 582.80874821 12.490184593 -21.30020652 172.39600642 7.5020935587 0.5695503597 173.34397292
 597.50000000 435066.23802 6478537.2803 -541.2564557 596.15645572 12.686016907 -23.07473253 173.10203350 7.7400000000 0.5695503597 174.05000000
 610.93333333 435066.42569 6478535.4523 -554.5634156 609.46341559 12.873688388 -24.90268239 173.27551927 7.9899340531 0.5606769387 174.22348577
 624.36666667 435066.61375 6478533.5661 -567.8622292 622.76222918 13.061750970 -26.78890629 173.43854542 8.2399360540 0.5606769387 174.38651192
 637.80000000 435066.80220 6478531.6216 -581.1526412 636.05264117 13.250201042 -28.73336802 173.59203350 8.4900000000 0.5606769387 174.54000000
 658.00000000 435067.07555 6478528.6137 -601.1253878 656.02538775 13.523547552 -31.74131247 174.12022727 8.7146535827 0.3536708933 175.06819377
 678.20000000 435067.32825 6478525.5253 -621.0861150 675.98611503 13.776251874 -34.82971453 174.62203350 8.9400000000 0.3536708933 175.57000000
 698.35000000 435067.54595 6478522.3682 -640.9858645 695.88586453 13.993950630 -37.98684210 175.58242957 9.1387912934 0.3715613996 176.53039607
 718.50000000 435067.71548 6478519.1386 -660.8744412 715.77444123 14.163480723 -41.21644647 176.50203350 9.3400000000 0.3715613996 177.45000000
 731.96666667 435067.75826 6478516.9233 -674.1574126 729.05741257 14.206257675 -43.43166218 179.34900299 9.6119754199 1.2070262720 180.29696948
 745.43333333 435067.69218 6478514.6431 -687.4292660 742.32926600 14.140180248 -45.71194129 182.03468674 9.9059412682 1.2070262720 182.98265324
 758.90000000 435067.51725 6478512.2979 -700.6888147 755.58881467 13.965254350 -48.05707988 184.56203350 10.220000000 1.2070262720 185.51000000
 769.00000000 435067.30562 6478510.4848 -710.6223235 765.52232351 13.753622962 -49.87021382 186.81464918 10.616735125 1.6887726267 187.76261567
 779.10000000 435067.01476 6478508.6118 -720.5426967 775.44269671 13.462762584 -51.74324729 188.90390337 11.028353110 1.6887726267 189.85186986
 789.20000000 435066.64470 6478506.6790 -730.4489575 785.34895746 13.092701858 -53.67599585 190.84232493 11.453249270 1.6887726267 191.79029143
 799.30000000 435066.19548 6478504.6867 -740.3401303 795.24013029 12.643477223 -55.66826919 192.64203350 11.890000000 1.6887726267 193.59000000
 812.76666667 435065.47841 6478501.9385 -753.5035719 808.40357190 11.926407148 -58.41648687 194.66175034 12.473579823 1.6096460008 195.60971683
 826.23333333 435064.63072 6478499.0861 -766.6370243 821.53702432 11.078723066 -61.26892359 196.50169756 13.070844031 1.6096460008 197.44966406
 839.70000000 435063.65256 6478496.1299 -779.7383989 834.63839887 10.100559787 -64.22512572 198.18203350 13.680000000 1.6096460008 199.13000000
 853.13333333 435062.57058 6478493.0856 -792.7770947 847.67709468 9.0185788291 -67.26940402 199.03935151 14.163912086 1.1747517446 199.98731801
 866.56666667 435061.40624 6478489.9539 -805.7879439 860.68794392 7.8542383021 -70.40109836 199.84098775 14.650670288 1.1747517446 200.78895424
 880.00000000 435060.15964 6478486.7351 -818.7698499 873.66984993 6.6076363481 -73.61994479 200.59203350 15.140000000 1.1747517446 201.54000000
 893.46666667 435058.87335 6478483.5208 -831.7835254 886.68352537 5.3213481644 -76.83418530 201.14161476 14.665243694 1.1034883752 202.08958126
 906.93333333 435057.59633 6478480.4191 -844.8254113 899.72541128 4.0443345925 -79.93589253 201.72708306 14.191862884 1.1034883752 202.67504956
 920.40000000 435056.32869 6478477.4302 -857.8945329 912.79453291 2.7766910773 -82.92483465 202.35203350 13.720000000 1.1034883752 203.30000000
 933.86666667 435055.07166 6478474.4620 -870.9694337 925.86943366 1.5196624628 -85.89304330 201.66364259 13.988166483 0.7012236885 202.61160908
 947.33333333 435053.82646 6478471.4224 -884.0290448 938.92904484 0.2744555463 -88.93264041 201.00072875 14.258201215 0.7012236885 201.94869525
 960.80000000 435052.59311 6478468.3115 -897.0729723 951.97297228 -0.958892088 -92.04353423 200.36203350 14.530000000 0.7012236885 201.31000000
 974.23333333 435051.34871 6478465.1003 -910.0569695 964.95696947 -2.203287865 -95.25468078 200.11253674 15.189757730 1.4803139385 201.06050324
 987.66666667 435050.06437 6478461.7446 -923.0004292 977.90042921 -3.487628420 -98.61038536 199.88334677 15.849767824 1.4803139385 200.83131326
 1001.1000000 435048.74026 6478458.2448 -935.9016192 990.80161916 -4.811741857 -102.1101989 199.67203350 16.510000000 1.4803139385 200.62000000
 1021.3500000 435046.70649 6478452.8800 -955.3212392 1010.2212392 -6.845514468 -107.4750410 199.95551437 16.419807810 0.1789474921 200.90348087
 1041.6000000 435044.65701 6478447.5538 -974.7498509 1029.6498509 -8.894993468 -112.8012344 200.24203350 16.330000000 0.1789474921 201.19000000
 1055.0333333 435043.25362 6478444.0559 -987.6432345 1042.5432345 -10.29838241 -116.2990957 201.58704385 16.271424153 0.8531564962 202.53501034
 1068.4666667 435041.77305 6478440.6033 -1000.540186 1055.4401862 -11.77894772 -119.7517039 202.94081635 16.221397703 0.8531564962 203.88878284
 1081.9000000 435040.21538 6478437.1961 -1013.440133 1068.3401326 -13.33662357 -123.1589056 204.30203350 16.180000000 0.8531564962 205.25000000
 1092.0000000 435038.96427 6478434.6463 -1023.132241 1078.0322405 -14.58773212 -125.7086613 206.05767329 16.499662604 1.7474381422 207.00563978
 1102.1000000 435037.61129 6478432.0865 -1032.807985 1087.7079847 -15.94071431 -128.2684805 207.74700396 16.833426082 1.7474381422 208.69497046
 1112.2000000 435036.15657 6478429.5169 -1042.466345 1097.3663452 -17.39542751 -130.8380933 209.37127498 17.180468118 1.7474381422 210.31924148
 1122.3000000 435034.60028 6478426.9378 -1052.106304 1107.0063037 -18.95171834 -133.4172287 210.93203350 17.540000000 1.7474381422 211.88000000
 1132.3750000 435032.94577 6478424.3949 -1061.713300 1116.6132998 -20.60622523 -135.9600939 213.27259180 17.528904818 2.0998637900 214.22055829
 1142.4500000 435031.18852 6478421.9214 -1071.320156 1126.2201559 -22.36348008 -138.4336132 215.61246766 17.545278783 2.0998637900 216.56043415
 1152.5250000 435029.32878 6478419.5176 -1080.925417 1135.8254169 -24.22321668 -140.8374121 217.94459038 17.589045118 2.0998637900 218.89255687
 1162.6000000 435027.36685 6478417.1839 -1090.527627 1145.4276275 -26.18515330 -143.1711262 220.26203350 17.660000000 2.0998637900 221.21000000
 1172.7000000 435025.33246 6478414.9444 -1100.163388 1155.0633885 -28.21954480 -145.4106457 222.37213649 17.221122762 2.2863206571 223.32010298
 1182.8000000 435023.26539 6478412.8346 -1109.821467 1164.7214666 -30.28660602 -147.5204257 224.58627157 16.805317041 2.2863206571 225.53423806
 1192.9000000 435021.16604 6478410.8549 -1119.500119 1174.4001188 -32.38596393 -149.5000852 226.90607389 16.414337573 2.2863206571 227.85404038
 1203.0000000 435019.03476 6478409.0057 -1129.197598 1184.0975982 -34.51723962 -151.3492670 229.33203350 16.050000000 2.2863206571 230.28000000
 1216.4333333 435016.18381 6478406.6706 -1142.115167 1197.0151673 -37.36818816 -153.6844302 230.13741071 15.806895032 0.7337463271 231.08537721
 1229.8666667 435013.34247 6478404.4102 -1155.048166 1209.9481661 -40.20952536 -155.9447640 230.96713930 15.566847136 0.7337463271 231.91510580
 1243.3000000 435010.51084 6478402.2248 -1167.996169 1222.8961694 -43.04115781 -158.1301942 231.82203350 15.330000000 0.7337463271 232.77000000
 1253.4250000 435008.31523 6478400.5933 -1177.744308 1232.6443084 -45.23676646 -159.7617403 233.02412439 16.031501509 2.2905211209 233.97209088
 1263.5500000 435005.98984 6478398.9367 -1187.458056 1242.3580564 -47.56215573 -161.4182590 234.12754914 16.739148655 2.2905211209 235.07551564
 1273.6750000 435003.53510 6478397.2556 -1197.135645 1252.0356451 -50.01690229 -163.0994488 235.14360532 17.452193447 2.2905211209 236.09157182
 1283.8000000 435000.95144 6478395.5500 -1206.775313 1261.6753127 -52.60055930 -164.8050035 236.08203350 18.170000000 2.2905211209 237.03000000
 1293.8750000 434998.24675 6478393.8339 -1216.327089 1271.2270892 -55.30525039 -166.5210746 237.21141544 18.921193227 2.4792877060 238.15938194
 1303.9500000 434995.40282 6478392.1043 -1225.835846 1280.7358462 -58.14917579 -168.2507417 238.25725108 19.678710821 2.4792877060 239.20521758
 1314.0250000 434992.42027 6478390.3614 -1235.299575 1290.1995755 -61.13173495 -169.9936395 239.22825005 20.441848905 2.4792877060 240.17621655
 1324.1000000 434989.29970 6478388.6056 -1244.716279 1299.6162786 -64.25229800 -171.7494000 240.13203350 21.210000000 2.4792877060 241.08000000
 1334.2000000 434986.03121 6478386.8203 -1254.103929 1309.0039294 -67.52079420 -173.5346744 240.67433626 22.082688578 2.6593477261 241.62230276
 1344.3000000 434982.62078 6478384.9977 -1263.433690 1318.3336905 -70.93122139 -175.3573237 241.17735505 22.957035793 2.6593477261 242.12532155
 1354.4000000 434979.06925 6478383.1381 -1272.703284 1327.6032838 -74.48274683 -177.2169027 241.64535997 23.832858704 2.6593477261 242.59332646
 1364.5000000 434975.37750 6478381.2420 -1281.910446 1336.8104459 -78.17450336 -179.1129574 242.08203350 24.710000000 2.6593477261 243.03000000
 1370.6666667 434973.04867 6478380.0562 -1287.495508 1342.3955081 -80.50333448 -180.2987511 242.05390969 25.456661736 3.6328714085 243.00187619
 1376.8333333 434970.65578 6478378.8364 -1293.046029 1347.9460288 -82.89622058 -181.5185995 242.02728471 26.203328543 3.6328714085 242.97525121
 1383.0000000 434968.19924 6478377.5827 -1298.561065 1353.4610651 -85.35275519 -182.7722952 242.00203350 26.950000000 3.6328714085 242.95000000
 1390.6666667 434965.16825 6478375.9457 -1305.409436 1360.3094356 -88.38375126 -184.4093426 239.33337973 26.484635777 5.0351738047 240.28134623
 1398.3333333 434962.26320 6478374.1943 -1312.284072 1367.1840724 -91.28880378 -186.1607217 236.58125025 26.070473899 5.0351738047 237.52921674
 1406.0000000 434959.48555 6478372.3295 -1319.181508 1374.0815084 -94.06644759 -188.0255493 233.75203350 25.710000000 5.0351738047 234.70000000
 1415.7500000 434956.12168 6478369.8211 -1327.981442 1382.8814417 -97.43032426 -190.5338819 230.90969278 25.306092647 3.9655637720 231.85765927
 1425.5000000 434952.93281 6478367.1836 -1336.808745 1391.7087452 -100.6191898 -193.1713827 227.98740348 24.958252638 3.9655637720 228.93536998
 1435.2500000 434949.92057 6478364.4183 -1345.658953 1400.5589527 -103.6314306 -195.9367175 224.99446911 24.668860565 3.9655637720 225.94243561
 1445.0000000 434947.08648 6478361.5265 -1354.527586 1409.4275863 -106.4655229 -198.8284869 221.94203350 24.440000000 3.9655637720 222.89000000
 1453.4000000 434944.79973 6478358.9690 -1362.194356 1417.0943563 -108.7522679 -201.3860331 219.73534591 23.798581142 3.9517602909 220.68331241
 1461.8000000 434942.66910 6478356.3878 -1369.898121 1424.7981212 -110.8829038 -203.9671959 217.41676792 23.190149194 3.9517602909 218.36473442
 1470.2000000 434940.69536 6478353.7840 -1377.636008 1432.5360078 -112.8566359 -206.5710129 214.98389035 22.617374015 3.9517602909 215.93185685
 1478.6000000 434938.87927 6478351.1585 -1385.405130 1440.3051305 -114.6727281 -209.1965128 212.43552996 22.083037375 3.9517602909 213.38349646
 1487.0000000 434937.22150 6478348.5123 -1393.202592 1448.1025917 -116.3305032 -211.8427166 209.77203350 21.590000000 3.9517602909 210.72000000
 1496.5000000 434935.52301 6478345.4860 -1402.045433 1456.9454333 -118.0289946 -214.8689676 206.91992396 21.290012055 3.4254070510 207.86789045
 1506.0000000 434933.99813 6478342.4161 -1410.904870 1465.8048704 -119.5538703 -217.9388615 203.99661848 21.039298270 3.4254070510 204.94458498
 1515.5000000 434932.64742 6478339.3037 -1419.777728 1474.6777278 -120.9045837 -221.0512980 201.01298432 20.839640319 3.4254070510 201.96095082
 1525.0000000 434931.47135 6478336.1498 -1428.660825 1483.5608253 -122.0806509 -224.2051617 197.98155211 20.692518678 3.4254070510 198.92951860
 1534.5000000 434930.47035 6478332.9557 -1437.550979 1492.4509794 -123.0816501 -227.3993221 194.91624875 20.599060907 3.4254070510 195.86421525
 1544.0000000 434929.64478 6478329.7224 -1446.445004 1501.3450037 -123.9072228 -230.6326345 191.83203350 20.560000000 3.4254070510 192.78000000
 1554.0000000 434928.95650 6478326.2763 -1455.806611 1510.7066109 -124.5955014 -234.0786776 188.86602427 20.615443237 3.1330211396 189.81399077
 1564.0000000 434928.44497 6478322.7863 -1465.163261 1520.0632605 -125.1070250 -237.5686656 185.92209942 20.721155962 3.1330211396 186.87006591
 1574.0000000 434928.11038 6478319.2536 -1474.511844 1529.4118441 -125.4416237 -241.1014391 183.01338808 20.876373315 3.1330211396 183.96135458
 1584.0000000 434927.95281 6478315.6792 -1483.849256 1538.7492558 -125.5991863 -244.6758245 180.15203350 21.080000000 3.1330211396 181.10000000
 1594.2500000 434927.96322 6478311.9996 -1493.415407 1548.3154071 -125.5887826 -248.3554310 177.62471288 21.021201350 2.6623361691 178.57267937
 1604.5000000 434928.13592 6478308.3307 -1502.984131 1557.8841310 -125.4160844 -252.0242994 175.08818347 20.999892584 2.6623361691 176.03614997
 1614.7500000 434928.47086 6478304.6735 -1512.553016 1567.4530157 -125.0811353 -255.6815051 172.55107599 21.016187933 2.6623361691 173.49904249
 1625.0000000 434928.96798 6478301.0289 -1522.119649 1577.0196494 -124.5840197 -259.3261262 170.02203350 21.070000000 2.6623361691 170.97000000
 1635.0000000 434929.61544 6478297.5035 -1531.454590 1586.3545898 -123.9365632 -262.8514949 167.26196700 20.964991619 2.9861229128 168.20993349
 1645.0000000 434930.42955 6478294.0267 -1540.794694 1595.6946944 -123.1224504 -266.3283137 164.48105811 20.904778558 2.9861229128 165.42902461
 1655.0000000 434931.41007 6478290.5995 -1550.137144 1605.0371444 -122.1419269 -269.7555335 161.69057533 20.889748835 2.9861229128 162.63854183
 1665.0000000 434932.55671 6478287.2229 -1559.479120 1614.3791202 -120.9952888 -273.1321199 158.90203350 20.920000000 2.9861229128 159.85000000
 1675.0000000 434933.85877 6478283.8766 -1568.811646 1623.7116464 -119.6932332 -276.4784378 156.69344037 21.189178861 2.5134426358 157.64140687
 1685.0000000 434935.30557 6478280.5399 -1578.126297 1633.0262974 -118.2464257 -279.8150575 154.54044043 21.486341296 2.5134426358 155.48840692
 1695.0000000 434936.89682 6478277.2137 -1587.421081 1642.3210814 -116.6551758 -283.1412655 152.44591938 21.810341471 2.5134426358 153.39388588
 1705.0000000 434938.63218 6478273.8986 -1596.694011 1651.5940113 -114.9198236 -286.4563507 150.41203350 22.160000000 2.5134426358 151.36000000
 1715.2500000 434940.54034 6478270.4762 -1606.164811 1661.0648113 -113.0116621 -289.8788008 149.42257904 22.809283493 2.1994616918 150.37054553
 1725.5000000 434942.55967 6478266.9933 -1615.590377 1670.4903767 -110.9923280 -293.3617178 148.48527385 23.464351803 2.1994616918 149.43324035
 1735.7500000 434944.68983 6478263.4505 -1624.969086 1679.8690860 -108.8621689 -296.9045025 147.59626726 24.124732545 2.1994616918 148.54423375
 1746.0000000 434946.93045 6478259.8485 -1634.299326 1689.1993258 -106.6215510 -300.5065456 146.75203350 24.790000000 2.1994616918 147.70000000
 1756.0000000 434949.22306 6478256.2826 -1643.355538 1698.2555381 -104.3289446 -304.0723810 145.88496908 25.395536327 2.1252700611 146.83293558
 1766.0000000 434951.62118 6478252.6713 -1652.366240 1707.2662396 -101.9308158 -307.6837340 145.05581728 26.005934253 2.1252700611 146.00378377
 1776.0000000 434954.12447 6478249.0149 -1661.330053 1716.2300529 -99.42753124 -311.3400526 144.26223283 26.620858079 2.1252700611 145.21019932
 1786.0000000 434956.73253 6478245.3142 -1670.245608 1725.1456075 -96.81947367 -315.0407779 143.50203350 27.240000000 2.1252700611 144.45000000
 1799.6666667 434960.39253 6478240.2240 -1682.388266 1737.2882655 -93.15946519 -320.1310008 143.16862942 27.392553296 0.4742744927 144.11659591
 1813.3333333 434964.10100 6478235.1289 -1694.514139 1749.4141385 -89.45099542 -325.2261303 142.83864274 27.545890994 0.4742744927 143.78660923
 1827.0000000 434967.85788 6478230.0289 -1706.623054 1761.5230542 -85.69411710 -330.3260940 142.51203350 27.700000000 0.4742744927 143.46000000
 1847.0000000 434973.41104 6478222.5345 -1724.313035 1779.2130346 -80.14096161 -337.8204887 142.51706973 27.919999910 0.3300186842 143.46503623
 1867.0000000 434979.00392 6478214.9851 -1741.967057 1796.8670569 -74.54808109 -345.3698722 142.52203350 28.140000000 0.3300186842 143.47000000
 1880.3333333 434982.72937 6478209.9670 -1753.743683 1808.6436831 -70.82262856 -350.3880455 142.40159028 27.786558370 0.8053317428 143.34955677
 1893.6666667 434986.42201 6478205.0150 -1765.558647 1820.4586465 -67.12998846 -355.3399807 142.27829407 27.433223634 0.8053317428 143.22626056
 1907.0000000 434990.08170 6478200.1295 -1777.411486 1832.3114861 -63.47030489 -360.2254847 142.15203350 27.080000000 0.8053317428 143.10000000
 1927.5000000 434995.67990 6478192.6440 -1795.654747 1850.5547473 -57.87210054 -367.7109643 142.36787336 27.194836025 0.2213566749 143.31583986
 1948.0000000 435001.27178 6478185.1082 -1813.879204 1868.7792039 -52.28022304 -375.2467778 142.58203350 27.310000000 0.2213566749 143.53000000
 1968.0000000 435006.73638 6478177.7022 -1831.633899 1886.5338994 -46.81561786 -382.6528176 142.67767026 27.509967736 0.3071355074 143.62563675
 1988.0000000 435012.22537 6478170.2372 -1849.356348 1904.2563480 -41.32663147 -390.1177753 142.77203350 27.710000000 0.3071355074 143.72000000
 2001.3333333 435015.87703 6478165.2233 -1861.157891 1916.0578906 -37.67497130 -395.1317306 143.20010862 27.758688485 0.4614244709 144.14807511
 2014.6666667 435019.49711 6478160.1740 -1872.954085 1927.8540848 -34.05489341 -400.1810403 143.62678507 27.808690856 0.4614244709 144.57475157
 2028.0000000 435023.08556 6478155.0894 -1884.744780 1939.6447795 -30.46644419 -405.2656396 144.05203350 27.860000000 0.4614244709 145.00000000
 2038.2500000 435025.78543 6478151.1471 -1893.812036 1948.7120356 -27.76657019 -409.2078815 145.24341196 27.734441258 1.6671039770 146.19137845
 2048.5000000 435028.39197 6478147.1653 -1902.889319 1957.7893185 -25.16002706 -413.1896801 146.44435228 27.619169983 1.6671039770 147.39231878
 2058.7500000 435030.90493 6478143.1444 -1911.975731 1966.8757311 -22.64707238 -417.2106416 147.65414285 27.514316180 1.6671039770 148.60210935
 2069.0000000 435033.32405 6478139.0846 -1921.070375 1975.9703754 -20.22795453 -421.2703688 148.87203350 27.420000000 1.6671039770 149.82000000
 2079.0000000 435035.58719 6478135.0928 -1929.954514 1984.8545136 -17.96480629 -425.2621896 150.13428454 27.232591553 1.8269599572 151.08225103
 2089.0000000 435037.74795 6478131.0766 -1938.853165 1993.7531649 -15.80405494 -429.2783721 151.41218501 27.056639670 1.8269599572 152.36015151
 2099.0000000 435039.80606 6478127.0365 -1947.765324 2002.6653241 -13.74594458 -433.3184625 152.70502738 26.892370364 1.8269599572 153.65299388
 2109.0000000 435041.76129 6478122.9730 -1956.689984 2011.5899844 -11.79070772 -437.3820046 154.01203350 26.740000000 1.8269599572 154.96000000
 2119.0000000 435043.58333 6478118.8999 -1965.638387 2020.5383870 -9.968671863 -441.4550953 155.90582336 26.287733323 2.8762024998 156.85378986
 2129.0000000 435045.24165 6478114.8316 -1974.620773 2029.5207730 -8.310347791 -445.5233772 157.85933978 25.861114865 2.8762024998 158.80730627
 2139.0000000 435046.73580 6478110.7693 -1983.634628 2038.5346275 -6.816199817 -449.5857113 159.87184271 25.461439483 2.8762024998 160.81980921
 2149.0000000 435048.06535 6478106.7140 -1992.677427 2047.5774267 -5.486646284 -453.6409603 161.94203350 25.090000000 2.8762024998 162.89000000
 2159.2500000 435049.27083 6478102.5651 -2001.971546 2056.8715460 -4.281166829 -457.7899169 163.76977891 24.795214484 2.4151887584 164.71774540
 2169.5000000 435050.33050 6478098.4240 -2011.286940 2066.1869398 -3.221503300 -461.9309917 165.63708681 24.523114944 2.4151887584 166.58505330
 2179.7500000 435051.24412 6478094.2917 -2020.621676 2075.5216761 -2.307875494 -466.0633257 167.54196322 24.274466866 2.4151887584 168.48992971
 2190.0000000 435052.01153 6478090.1689 -2029.973818 2084.8738185 -1.540472917 -470.1860617 169.48203350 24.050000000 2.4151887584 170.43000000
 2203.3333333 435052.85065 6478084.7914 -2042.144846 2097.0448462 -0.701348094 -475.5635672 170.88105998 24.154079464 1.3065767191 171.82902648
 2216.6666667 435053.56183 6478079.3719 -2054.305358 2109.2053582 0.0098328881 -480.9831245 172.26811650 24.270806823 1.3065767191 173.21608299
 2230.0000000 435054.14500 6478073.9108 -2066.454106 2121.3541055 0.5929969798 -486.4441768 173.64203350 24.400000000 1.3065767191 174.59000000
 2240.0000000 435054.47018 6478069.8075 -2075.566953 2130.4669533 0.9181761494 -490.5474741 175.40545560 24.236294164 2.2331377082 176.35342209
 2250.0000000 435054.66698 6478065.7205 -2084.690798 2139.5907978 1.1149788034 -494.6344846 177.18997811 24.093153689 2.2331377082 178.13794460
 2260.0000000 435054.73537 6478061.6505 -2093.824099 2148.7240990 1.1833717242 -498.7045187 178.99307505 23.970948130 2.2331377082 179.94104155
 2270.0000000 435054.67534 6478057.5981 -2102.965315 2157.8653152 1.1233433677 -502.7568893 180.81203350 23.870000000 2.2331377082 181.76000000
 2280.2500000 435054.48036 6478053.4421 -2112.332182 2167.2321820 0.9283563697 -506.9129256 182.65789265 24.050336047 2.2564738720 183.60585915
 2290.5000000 435054.15011 6478049.2633 -2121.685100 2176.5850997 0.5981097138 -511.0917453 184.47635057 24.252482145 2.2564738720 185.42431707
 2300.7500000 435053.68466 6478045.0624 -2131.022375 2185.9223751 0.1326631935 -515.2925920 186.26507856 24.475896279 2.2564738720 187.21304506
 2311.0000000 435053.08410 6478040.8403 -2140.342317 2195.2423175 -0.467898919 -519.5147050 188.02203350 24.720000000 2.2564738720 188.97000000
 2324.3333333 435052.12905 6478035.3398 -2152.449611 2207.3496108 -1.422947115 -525.0151509 189.77939369 24.809708033 1.6685341927 190.72736019
 2337.6666667 435051.00213 6478029.8505 -2164.547146 2219.4471455 -2.549871105 -530.5045139 191.52354910 24.919797915 1.6685341927 192.47151560
 2351.0000000 435049.70352 6478024.3731 -2176.632895 2231.5328950 -3.848482113 -535.9818746 193.25203350 25.050000000 1.6685341927 194.20000000
 2361.2500000 435048.55508 6478020.1752 -2185.912218 2240.8122176 -4.996916547 -540.1797514 195.44551615 25.227910420 2.7764052086 196.39348264
 2371.5000000 435047.23849 6478015.9941 -2195.176748 2250.0767483 -6.313511285 -544.3608706 197.60772449 25.437751903 2.7764052086 198.55569099
 2381.7500000 435045.75409 6478011.8309 -2204.423948 2259.3239476 -7.797905442 -548.5240862 199.73446542 25.678738767 2.7764052086 200.68243192
 2392.0000000 435044.10231 6478007.6867 -2213.651281 2268.5512808 -9.449692142 -552.6682570 201.82203350 25.950000000 2.7764052086 202.77000000
 2402.0000000 435042.33486 6478003.6617 -2222.632354 2277.5323544 -11.21713752 -556.6933132 203.68632062 26.232971316 2.6020258241 204.63428712
 2412.0000000 435040.41882 6477999.6540 -2231.590679 2286.4906787 -13.13317676 -560.7010004 205.51209120 26.539504976 2.6020258241 206.46005770
 2422.0000000 435038.35463 6477995.6646 -2240.524201 2295.4242010 -15.19737079 -564.6904004 207.29774677 26.868791036 2.6020258241 208.24571326
 2432.0000000 435036.14275 6477991.6944 -2249.430874 2304.3308741 -17.40924660 -568.6605988 209.04203350 27.220000000 2.6020258241 209.99000000
 2442.8000000 435033.59158 6477987.4423 -2259.024195 2313.9241949 -19.96042331 -572.9126600 210.98025637 27.470861423 2.5693237827 211.92822287
 2453.6000000 435030.87529 6477983.2411 -2268.594545 2323.4945455 -22.67671383 -577.1138717 212.88442693 27.748096077 2.5693237827 213.83239343
 2464.4000000 435027.99459 6477979.0919 -2278.139432 2333.0394317 -25.55741027 -581.2631392 214.75230921 28.050917867 2.5693237827 215.70027570
 2475.2000000 435024.95024 6477974.9956 -2287.656366 2342.5563662 -28.60176189 -585.3593810 216.58202238 28.378503166 2.5693237827 217.52998887
 2486.0000000 435021.74302 6477970.9535 -2297.142869 2352.0428686 -31.80897532 -589.4015297 218.37203350 28.730000000 2.5693237827 219.32000000
 2495.0000000 435018.93586 6477967.6169 -2305.015128 2359.9151284 -34.61614352 -592.7380600 219.87049794 29.254122951 2.9854034956 220.81846444
 2504.0000000 435015.99543 6477964.2991 -2312.846524 2367.7465243 -37.55657000 -596.0558583 221.32007759 29.794412752 2.9854034956 222.26804408
 2513.0000000 435012.92246 6477961.0009 -2320.635143 2375.5351427 -40.62953628 -599.3541141 222.72203350 30.350000000 2.9854034956 223.67000000
 2523.4333333 435009.21137 6477957.1925 -2329.610484 2384.5104836 -44.34063037 -603.1624958 223.88914702 30.960076373 2.4504494840 224.83711352
 2533.8666667 435005.35644 6477953.3917 -2338.528192 2393.4281915 -48.19555678 -606.9632910 225.01522233 31.580272966 2.4504494840 225.96318883
 2544.3000000 435001.35854 6477949.5993 -2347.386294 2402.2862936 -52.19346271 -610.7556588 226.10203350 32.210000000 2.4504494840 227.05000000
 2554.3750000 434997.33908 6477945.9361 -2355.866069 2410.7660695 -56.21291739 -614.4188569 227.29673924 33.157114632 3.4121809977 228.24470574
 2564.4500000 434993.14050 6477942.2631 -2364.254224 2419.1542236 -60.41149771 -618.0919144 228.43214908 34.115070824 3.4121809977 229.38011558
 2574.5250000 434988.76448 6477938.5816 -2372.547401 2427.4474010 -64.78752427 -621.7733620 229.51258497 35.082969794 3.4121809977 230.46055146
 2584.6000000 434984.21275 6477934.8933 -2380.742284 2435.6422843 -69.33924670 -625.4617272 230.54203350 36.060000000 3.4121809977 231.49000000
 2594.6775000 434979.49451 6477931.2128 -2388.849140 2443.7491404 -74.05748859 -629.1421517 231.64078275 36.825962369 2.9956871335 232.58874924
 2604.7550000 434974.62100 6477927.5568 -2396.874723 2451.7747232 -78.93099515 -632.7981728 232.70074651 37.601678001 2.9956871335 233.64871301
 2614.8325000 434969.59374 6477923.9263 -2404.816557 2459.7165571 -83.95826310 -636.4286626 233.72387450 38.386544355 2.9956871335 234.67184099
 2624.9100000 434964.41426 6477920.3225 -2412.672192 2467.5721923 -89.13774173 -640.0325014 234.71203350 39.180000000 2.9956871335 235.66000000
 2634.9975000 434959.07541 6477916.7734 -2420.458480 2475.3584802 -94.47658871 -643.5816377 236.15303540 39.777231647 3.2523875643 237.10100190
 2645.0850000 434953.58072 6477913.3142 -2428.176502 2483.0765016 -99.97128353 -647.0407810 237.55788844 40.391838984 3.2523875643 238.50585494
 2655.1725000 434947.93218 6477909.9463 -2435.823445 2490.7234448 -105.6198244 -650.4086710 238.92729483 41.023020052 3.2523875643 239.87526132
 2665.2600000 434942.13185 6477906.6709 -2443.396524 2498.2965240 -111.4201536 -653.6840808 240.26203350 41.670000000 3.2523875643 241.21000000
 2675.3525000 434936.19841 6477903.4716 -2450.905462 2505.8054619 -117.3535926 -656.8833659 241.17091352 42.182210377 2.3614897840 242.11888002
 2685.4450000 434930.15573 6477900.3349 -2458.353395 2513.2533946 -123.3962737 -660.0200742 242.06191545 42.701453887 2.3614897840 243.00988194
 2695.5375000 434924.00496 6477897.2614 -2465.738890 2520.6388903 -129.5470353 -663.0936026 242.93547581 43.227468178 2.3614897840 243.88344230
 2705.6300000 434917.74731 6477894.2516 -2473.060529 2527.9605291 -135.8046948 -666.1033604 243.79203350 43.760000000 2.3614897840 244.74000000
 2715.7200000 434911.37166 6477891.3322 -2480.313057 2535.2130571 -142.1803355 -669.0227627 245.09935394 44.333678921 3.1956136871 246.04732044
 2725.8100000 434904.86454 6477888.5286 -2487.494075 2542.3940749 -148.6874619 -671.8264100 246.37981797 44.921963379 3.1956136871 247.32778446
 2735.9000000 434898.22822 6477885.8417 -2494.601056 2549.5010556 -155.3237844 -674.5133156 247.63387817 45.524261998 3.1956136871 248.58184467
 2745.9900000 434891.46503 6477883.2725 -2501.631499 2556.5314985 -162.0869678 -677.0825342 248.86203350 46.140000000 3.1956136871 249.81000000
 2756.0825000 434884.59421 6477880.7631 -2508.582408 2563.4824077 -168.9577927 -679.5918570 249.11494718 46.801705778 2.0410461027 250.06291367
 2766.1750000 434877.63742 6477878.2568 -2515.448313 2570.3483130 -175.9145765 -682.0982012 249.36243181 47.463956698 2.0410461027 250.31039830
 2776.2675000 434870.59568 6477875.7538 -2522.228229 2577.1282285 -182.9563201 -684.6012066 249.60472025 48.126728958 2.0410461027 250.55268674
 2786.3600000 434863.46999 6477873.2545 -2528.921180 2583.8211804 -190.0820121 -687.1005140 249.84203350 48.790000000 2.0410461027 250.79000000
 2796.4450000 434856.26745 6477870.7620 -2535.522431 2590.4224305 -197.2845509 -689.5930108 250.08379248 49.436778658 1.9993245172 251.03175897
 2806.5300000 434848.98450 6477868.2757 -2542.037162 2596.9371623 -204.5675049 -692.0793074 250.32092211 50.084051612 1.9993245172 251.26888860
 2816.6150000 434841.62213 6477865.7959 -2548.464479 2603.3644794 -211.9298720 -694.5590617 250.55360962 50.731798515 1.9993245172 251.50157612
 2826.7000000 434834.18136 6477863.3231 -2554.803497 2609.7034973 -219.3706391 -697.0319323 250.78203350 51.380000000 1.9993245172 251.73000000
 2840.1500000 434824.20462 6477860.0064 -2563.187387 2618.0873871 -229.3473818 -700.3486043 250.54457949 51.499523363 0.4925383627 251.49254598
 2853.6000000 434814.22510 6477856.6429 -2571.549275 2626.4492747 -239.3268958 -703.7121142 250.30791378 51.619524573 0.4925383627 251.25588028
 2867.0500000 434804.24297 6477853.2326 -2579.889036 2634.7890362 -249.3090327 -707.1224121 250.07203350 51.740000000 0.4925383627 251.02000000
 2877.1325000 434796.78820 6477850.6815 -2586.176379 2641.0763790 -256.7637995 -709.6735413 250.24957193 51.102077854 1.9425100049 251.19753843
 2887.2150000 434789.39222 6477848.1763 -2592.551068 2647.4510681 -264.1597801 -712.1787496 250.43032844 50.464429429 1.9425100049 251.37829494
 2897.2975000 434782.05599 6477845.7173 -2599.012276 2653.9122760 -271.4960142 -714.6377118 250.61443586 49.827066148 1.9425100049 251.56240236
 2907.3800000 434774.78045 6477843.3049 -2605.559164 2660.4591637 -278.7715494 -717.0501085 250.80203350 49.190000000 1.9425100049 251.75000000
 2917.4675000 434767.50131 6477840.9997 -2612.148129 2667.0481293 -286.0506863 -719.3553303 252.15673237 49.248867675 3.0556964716 253.10469887
 2927.5550000 434760.16239 6477838.8649 -2618.728188 2673.6281879 -293.3896071 -721.4901229 253.50871343 49.323544118 3.0556964716 254.45667992
 2937.6425000 434752.76605 6477836.9012 -2625.297223 2680.1972235 -300.7859517 -723.4537998 254.85735112 49.413952402 3.0556964716 255.80531761
 2947.7300000 434745.31466 6477835.1093 -2631.853124 2686.7531236 -308.2373417 -725.2457294 256.20203350 49.520000000 3.0556964716 257.15000000
 2957.8150000 434737.80230 6477833.5001 -2638.382862 2693.2828623 -315.7496977 -726.8549348 257.71825410 49.780916286 3.5238451489 258.66622059
 2967.9000000 434730.21990 6477832.0838 -2644.876208 2699.7762078 -323.3320957 -728.2712328 259.22240736 50.061460010 3.5238451489 260.17037386
 2977.9850000 434722.57071 6477830.8610 -2651.330384 2706.2303844 -330.9812946 -729.4940182 260.71385921 50.361277708 3.5238451489 261.66182571
 2988.0700000 434714.85798 6477829.8322 -2657.742633 2712.6426333 -338.6940248 -730.5227682 262.19203350 50.680000000 3.5238451489 263.14000000
 2998.1525000 434707.08404 6477828.9354 -2664.096741 2718.9967409 -346.4679596 -731.4195944 262.74869085 51.188677073 1.9860937571 263.69665734
 3008.2350000 434699.24590 6477828.1077 -2670.380919 2725.2809187 -354.3061000 -732.2472978 263.29743417 51.699957874 1.9860937571 264.24540067
 3018.3175000 434691.34462 6477827.3492 -2676.594314 2731.4943140 -362.2073823 -733.0057659 263.83847831 52.213759058 1.9860937571 264.78644481
 3028.4000000 434683.38127 6477826.6601 -2682.736083 2737.6360834 -370.1707341 -733.6948958 264.37203350 52.730000000 1.9860937571 265.32000000
 3038.4750000 434675.32756 6477826.0334 -2688.752830 2743.6528304 -378.2244373 -734.3216217 264.82921234 53.930092426 3.7365586165 265.77717883
 3048.5500000 434667.14520 6477825.4613 -2694.598889 2749.4988889 -386.4068002 -734.8937191 265.27263919 55.131868715 3.7365586165 266.22060569
 3058.6250000 434658.83810 6477824.9441 -2700.271455 2755.1714550 -394.7138982 -735.4109137 265.70328146 56.335208301 3.7365586165 266.65124796
 3068.7000000 434650.41025 6477824.4820 -2705.767808 2760.6678077 -403.1417465 -735.8729573 266.12203350 57.540000000 3.7365586165 267.07000000
 3078.7825000 434641.88842 6477824.0777 -2711.136212 2766.0362123 -411.6635825 -736.2773330 266.54732890 58.117950580 2.0259791897 267.49529540
 3088.8650000 434633.31011 6477823.7340 -2716.418152 2771.3181520 -420.2418894 -736.6209926 266.96731420 58.697299320 2.0259791897 267.91528069
 3098.9475000 434624.67654 6477823.4511 -2721.612881 2776.5128807 -428.8754558 -736.9038876 267.38216036 59.277997997 2.0259791897 268.33012686
 3109.0300000 434615.98894 6477823.2290 -2726.719665 2781.6196649 -437.5630624 -737.1259779 267.79203350 59.860000000 2.0259791897 268.74000000
 3122.4700000 434604.36519 6477823.0215 -2733.456448 2788.3564480 -449.1868078 -737.3334794 268.26647685 59.974972589 0.9516359230 269.21444335
 3135.9100000 434592.72654 6477822.9100 -2740.169708 2795.0697080 -460.8254614 -737.4449656 268.73981295 60.091643234 0.9516359230 269.68777944
 3149.3500000 434581.07362 6477822.8946 -2746.859073 2801.7590733 -472.4783786 -737.4604304 269.21203350 60.210000000 0.9516359230 270.16000000
 3162.8000000 434569.42326 6477823.0014 -2753.572012 2808.4720115 -484.1287382 -737.3535757 269.94425638 59.909224715 1.5662029086 270.89222287
 3176.2500000 434557.81037 6477823.2568 -2760.345627 2815.2456274 -495.7416321 -737.0981679 270.68091704 59.612533409 1.5662029086 271.62888354
 3189.7000000 434546.23668 6477823.6608 -2767.178904 2822.0789035 -507.3153162 -736.6942453 271.42203350 59.320000000 1.5662029086 272.37000000
 3194.7500000 434541.87533 6477823.8391 -2769.715691 2824.6156906 -511.6766728 -736.5158730 271.36646016 60.369988657 6.2440846300 272.31442665
 3199.8000000 434537.46810 6477824.0151 -2772.172036 2827.0720355 -516.0838995 -736.3398616 271.31203350 61.420000000 6.2440846300 272.26000000
 3208.1700000 434530.08693 6477824.3485 -2776.099246 2830.9992460 -523.4650737 -736.0065343 271.95992008 62.614544000 4.7472555567 272.90788658
 3216.5400000 434522.62973 6477824.7688 -2779.871321 2834.7713213 -530.9222662 -735.5861522 272.59394303 63.812016168 4.7472555567 273.54190953
 3224.9100000 434515.10051 6477825.2761 -2783.486246 2838.3862458 -538.4514922 -735.0789399 273.21504879 65.012210174 4.7472555567 274.16301529
 3233.2800000 434507.50327 6477825.8698 -2786.942088 2841.8420879 -546.0487285 -734.4851685 273.82413071 66.214932241 4.7472555567 274.77209720
 3241.6500000 434499.84208 6477826.5498 -2790.237001 2845.1370009 -553.7099154 -733.8051553 274.42203350 67.420000000 4.7472555567 275.37000000
 3249.4520000 434492.63891 6477827.2590 -2793.142612 2848.0426118 -560.9130923 -733.0959597 274.92562182 68.849335167 5.7823557577 275.87358832
 3257.2540000 434485.37234 6477828.0384 -2795.866615 2850.7666155 -568.1796596 -732.3166109 275.41957561 70.280131310 5.7823557577 276.36754211
 3265.0560000 434478.04739 6477828.8874 -2798.407136 2853.3071357 -575.5046119 -731.4676454 275.90475928 71.712256055 5.7823557577 276.85272578
 3272.8580000 434470.66910 6477829.8054 -2800.762423 2855.6624225 -582.8829036 -730.5496483 276.38198806 73.145584835 5.7823557577 277.32995456
 3280.6600000 434463.24255 6477830.7917 -2802.930853 2857.8308534 -590.3094523 -729.5632516 276.85203350 74.580000000 5.7823557577 277.80000000
 3288.8040000 434455.44069 6477831.8727 -2804.989987 2859.8899868 -598.1113113 -728.4822795 277.02812525 76.127782159 5.7359891213 277.97609175
 3296.9480000 434447.58996 6477832.9849 -2806.835540 2861.7355400 -605.9620407 -727.3701025 277.20188238 77.675688619 5.7359891213 278.14984887
 3305.0920000 434439.69616 6477834.1275 -2808.466150 2863.3661500 -613.8558424 -726.2275422 277.37359978 79.223703670 5.7359891213 278.32156628
 3313.2360000 434431.76511 6477835.2996 -2809.880613 2864.7806126 -621.7868866 -725.0554424 277.54355968 80.771812282 5.7359891213 278.49152618
 3321.3800000 434423.80268 6477836.5003 -2811.077883 2865.9778831 -629.7493157 -723.8546687 277.71203350 82.320000000 5.7359891213 278.66000000
 3331.4700000 434413.91393 6477838.0147 -2812.364981 2867.2649812 -639.6380695 -722.3403436 277.80492215 83.022474723 2.1065123316 278.75288865
 3341.5600000 434404.01279 6477839.5473 -2813.529287 2868.4292870 -649.5392053 -720.8077154 277.89753244 83.724967551 2.1065123316 278.84549894
 3351.6500000 434394.10079 6477841.0980 -2814.570623 2869.4706225 -659.4512092 -719.2570182 277.98989334 84.427476598 2.1065123316 278.93785983
 3361.7400000 434384.17943 6477842.6665 -2815.488828 2870.3888285 -669.3725656 -717.6884893 278.08203350 85.130000000 2.1065123316 279.03000000
 3374.9100000 434371.22816 6477844.7634 -2816.582487 2871.4824870 -682.3238428 -715.5915995 278.41556593 85.343178755 0.8994745962 279.36353242
 3388.0800000 434358.28538 6477846.9363 -2817.627288 2872.5272879 -695.2666217 -713.4187175 278.74889617 85.556514526 0.8994745962 279.69686266
 3401.2500000 434345.35171 6477849.1851 -2818.623182 2873.5231816 -708.2002876 -711.1699465 279.08203350 85.770000000 0.8994745962 280.03000000
 3415.0400000 434331.81983 6477851.5841 -2819.702330 2874.6023301 -721.7321700 -708.7709475 279.12862775 85.253330088 1.1285434513 280.07659425
 3428.8300000 434318.30003 6477853.9923 -2820.905403 2875.8054034 -735.2519688 -706.3627406 279.17529183 84.736663305 1.1285434513 280.12325833
 3442.6200000 434304.79342 6477856.4095 -2822.232303 2877.1323029 -748.7585756 -703.9455232 279.22203350 84.220000000 1.1285434513 280.17000000
 3455.9133333 434291.79206 6477858.7768 -2823.628776 2878.5287756 -761.7599402 -701.5781869 279.52144199 83.719824860 1.3136472358 280.46940848
 3469.2066667 434278.81573 6477861.2098 -2825.140579 2880.0405786 -774.7362742 -699.1452167 279.82142623 83.219820173 1.3136472358 280.76939272
 3482.5000000 434265.86576 6477863.7081 -2826.767556 2881.6675559 -787.6862383 -696.6468635 280.12203350 82.720000000 1.3136472358 281.07000000
 3492.6750000 434255.98309 6477865.6892 -2828.133380 2883.0333802 -797.5689096 -694.6657783 280.65330677 81.851379707 2.9947140251 281.60127327
 3502.8500000 434246.14063 6477867.7576 -2829.651840 2884.5518402 -807.4113656 -692.5974425 281.18689080 80.983453615 2.9947140251 282.13485729
 3513.0250000 434236.34149 6477869.9125 -2831.322459 2886.2224589 -817.2105133 -690.4425059 281.72304519 80.116300364 2.9947140251 282.67101169
 3523.2000000 434226.58873 6477872.1534 -2833.144711 2888.0447111 -826.9632734 -688.2016459 282.26203350 79.250000000 2.9947140251 283.21000000
 3533.2625000 434216.99512 6477874.4599 -2835.100666 2890.0006659 -836.5568833 -685.8951133 282.88052682 78.332885035 3.2783798778 283.82849332
 3543.3250000 434207.45860 6477876.8622 -2837.214244 2892.1142441 -846.0934017 -683.4927694 283.50311953 77.417101080 3.2783798778 284.45108602
 3553.3875000 434197.98268 6477879.3595 -2839.484667 2894.3846672 -855.5693159 -680.9954990 284.13016736 76.502765838 3.2783798778 285.07813385
 3563.4500000 434188.57086 6477881.9508 -2841.911099 2896.8110990 -864.9811359 -678.4042220 284.76203350 75.590000000 3.2783798778 285.71000000
 3573.5975000 434179.14428 6477884.6458 -2844.514710 2899.4147100 -874.4077230 -675.7092408 285.25276325 74.675800066 3.0448236554 286.20072975
 3583.7450000 434169.78222 6477887.4096 -2847.274381 2902.1743814 -883.7697805 -672.9453787 285.74780079 73.762680817 3.0448236554 286.69576728
 3593.8925000 434160.48772 6477890.2415 -2850.189222 2905.0892218 -893.0642834 -670.1135287 286.24745245 72.850720522 3.0448236554 287.19541894
 3604.0400000 434151.26377 6477893.1404 -2853.258289 2908.1582892 -902.2882288 -667.2146057 286.75203350 71.940000000 3.0448236554 287.70000000
 3614.0800000 434142.21371 6477896.0872 -2856.443933 2911.3439335 -911.3382866 -664.2677717 287.42593234 71.061159096 3.2469079087 288.37389884
 3624.1200000 434133.24638 6477899.1248 -2859.775037 2914.6750372 -920.3056161 -661.2301548 288.10695283 70.184777161 3.2469079087 289.05491932
 3634.1600000 434124.36501 6477902.2522 -2863.250402 2918.1504022 -929.1869919 -658.1028477 288.79551078 69.311005304 3.2469079087 289.74347727
 3644.2000000 434115.57278 6477905.4680 -2866.868779 2921.7687787 -937.9792198 -654.8869751 289.49203350 68.440000000 3.2469079087 290.44000000
 3652.1740000 434108.65439 6477908.0475 -2869.873253 2924.7732533 -944.8976119 -652.3074999 289.50746980 67.289996754 4.3269079359 290.45543629
 3660.1480000 434101.79457 6477910.6073 -2873.025363 2927.9253634 -951.7574346 -649.7477391 289.52316766 66.139995014 4.3269079359 290.47113416
 3668.1220000 434094.99608 6477913.1463 -2876.323839 2931.2238387 -958.5559240 -647.2087240 289.53914677 64.989994894 4.3269079359 290.48711327
 3676.0960000 434088.26166 6477915.6635 -2879.767350 2934.6673505 -965.2903411 -644.6914777 289.55542800 63.839996513 4.3269079359 290.50339450
 3684.0700000 434081.59403 6477918.1580 -2883.354511 2938.2545112 -971.9579724 -642.1970143 289.57203350 62.690000000 4.3269079359 290.52000000
 3691.5325000 434075.40557 6477920.4646 -2886.824394 2941.7243937 -978.1464335 -639.8903758 289.41566504 61.892220980 3.2550786877 290.36363153
 3698.9950000 434069.25668 6477922.7373 -2890.385917 2945.2859169 -984.2953169 -637.6177236 289.25695341 61.094621962 3.2550786877 290.20491991
 3706.4575000 434063.14861 6477924.9755 -2894.038370 2948.9383696 -990.4033948 -635.3795114 289.09578319 60.297211856 3.2550786877 290.04374969
 3713.9200000 434057.08255 6477927.1788 -2897.781022 2952.6810222 -996.4694472 -633.1761863 288.93203350 59.500000000 3.2550786877 289.88000000
 3724.0050000 434048.95985 6477930.1200 -2902.979447 2957.8794471 -1004.592148 -630.2349853 288.98271169 58.442467948 3.1485074658 289.93067819
 3734.0900000 434040.93132 6477933.0352 -2908.336481 2963.2364813 -1012.620682 -627.3197565 289.03455218 57.384956345 3.1485074658 289.98251867
 3744.1750000 434032.99969 6477935.9235 -2913.850297 2968.7502967 -1020.552308 -624.4314947 289.08763196 56.327466545 3.1485074658 290.03559846
 3754.2600000 434025.16768 6477938.7838 -2919.519012 2974.4190118 -1028.384319 -621.5711855 289.14203350 55.270000000 3.1485074658 290.09000000
 3764.3550000 434017.42447 6477941.6446 -2925.325775 2980.2257750 -1036.127531 -618.7103903 289.51827933 54.500655200 2.4624648558 290.46624583
 3774.4500000 434009.77396 6477944.5289 -2931.242808 2986.1428078 -1043.778038 -615.8260616 289.90179660 53.732501017 2.4624648558 290.84976310
 3784.5450000 434002.21776 6477947.4362 -2937.268873 2992.1688727 -1051.334239 -612.9188029 290.29292797 52.965595540 2.4624648558 291.24089447
 3794.6400000 433994.75745 6477950.3658 -2943.402709 2998.3027093 -1058.794554 -609.9892222 290.69203350 52.200000000 2.4624648558 291.64000000
 3804.7225000 433987.41395 6477953.3473 -2949.631204 3004.5312044 -1066.138051 -607.0076928 291.61182334 51.496159940 3.0028950610 292.55978984
 3814.8050000 433980.19032 6477956.4175 -2955.956125 3010.8561255 -1073.361683 -603.9375195 292.54967291 50.799655202 3.0028950610 293.49763941
 3824.8875000 433973.08879 6477959.5753 -2962.375510 3017.2755103 -1080.463209 -600.7796549 293.50620106 50.110819327 3.0028950610 294.45416756
 3834.9700000 433966.11157 6477962.8199 -2968.887367 3023.7873671 -1087.440427 -597.5350787 294.48203350 49.430000000 3.0028950610 295.43000000
 3845.0500000 433959.24490 6477966.1297 -2975.479686 3030.3796860 -1094.307103 -594.2252650 295.09382906 48.882442516 2.1337770034 296.04179555
 3855.1300000 433952.47083 6477969.4853 -2982.144361 3037.0443608 -1101.081171 -590.8697376 295.71588658 48.338175748 2.1337770034 296.66385307
 3865.2100000 433945.79043 6477972.8860 -2988.880348 3043.7803481 -1107.761569 -587.4690218 296.34851580 47.797319960 2.1337770034 297.29648230
 3875.2900000 433939.20475 6477976.3313 -2995.686593 3050.5865930 -1114.347251 -584.0236502 296.99203350 47.260000000 2.1337770034 297.94000000
 3888.7200000 433930.52665 6477980.9273 -3004.844377 3059.7443771 -1123.025350 -579.4277339 296.92319386 46.756624214 1.1300548186 297.87116036
 3902.1500000 433921.91444 6477985.4749 -3014.088107 3068.9881071 -1131.637558 -574.8800643 296.85320716 46.253290393 1.1300548186 297.80117366
 3915.5800000 433913.36880 6477989.9740 -3023.417062 3078.3170622 -1140.183203 -570.3809958 296.78203350 45.750000000 1.1300548186 297.73000000
 3925.6525000 433907.02249 6477993.3089 -3030.489611 3085.3896113 -1146.529510 -567.0460614 296.76518150 45.047496060 2.0926474987 297.71314799
 3935.7250000 433900.75241 6477996.6014 -3037.649558 3092.5495584 -1152.799586 -563.7535676 296.74791180 44.344994660 2.0926474987 297.69587829
 3945.7975000 433894.55951 6477999.8510 -3044.895827 3099.7958270 -1158.992489 -560.5040094 296.73020329 43.642495927 2.0926474987 297.67816979
 3955.8700000 433888.44471 6478003.0571 -3052.227327 3107.1273273 -1165.107286 -557.2978756 296.71203350 42.940000000 2.0926474987 297.66000000
 3969.3133333 433880.36699 6478007.3023 -3062.096148 3116.9961479 -1173.185008 -553.0526789 296.84033572 42.596520409 0.7907775122 297.78830221
 3982.7566667 433872.35128 6478011.5380 -3072.019503 3126.9195033 -1181.200718 -548.8169884 296.97032167 42.253185844 0.7907775122 297.91828817
 3996.2000000 433864.39789 6478015.7640 -3081.997014 3136.8970139 -1189.154109 -544.5909662 297.10203350 41.910000000 0.7907775122 298.05000000
 4003.6833333 433860.01269 6478018.1011 -3087.590845 3142.4908448 -1193.539313 -542.2539284 297.11180667 41.339999142 2.2852295831 298.05977316
 4011.1666667 433855.67719 6478020.4126 -3093.233850 3148.1338496 -1197.874808 -539.9424218 297.12180340 40.769999130 2.2852295831 298.06976989
 4018.6500000 433851.39183 6478022.6983 -3098.925470 3153.8254697 -1202.160165 -537.6566751 297.13203350 40.200000000 2.2852295831 298.08000000
 4095.0000000 433807.92695 6478045.8869 -3157.241296 3212.1412965 -1245.625051 -514.4681291 297.13203350 40.200000000 0.0000000000 298.08000000
