# WELL TRACE FROM PETREL 
# WELL NAME:              Volve F_F-4_F-4_F-4_ACTUAL
# DEFINITIVE SURVEY:      MD Incl Azim survey 1
# WELL HEAD X-COORDINATE: 435049.83100000 (m)
# WELL HEAD Y-COORDINATE: 6478560.82500000 (m)
# WELL DATUM (KB, Kelly bushing, from MSL): 54.90000000 (m)
# WELL TYPE:              INJECTION WATER
# MD AND TVD ARE REFERENCED (=0) AT WELL DATUM AND INCREASE DOWNWARDS
# ANGLES ARE GIVEN IN DEGREES
# XYZ TRACE IS GIVEN IN COORDINATE SYSTEM ED50-UTM31 ("MENTOR:ED50-UTM31:European 1950 Based UTM, Zone 31 North, Meter") [SIS,501080]
# AZIM_TN: azimuth in True North 
# AZIM_GN: azimuth in Grid North 
# DX DY ARE GIVEN IN GRID NORTH IN m-UNITS
# DEPTH (Z, tvd_z) GIVEN IN m-UNITS
#===============================================================================================================================================
      MD            X            Y            Z           TVD           DX          DY        AZIM_TN        INCL         DLS        AZIM_GN
#===============================================================================================================================================
 145.90000000 435049.83100 6478560.8250 -91.00000000 145.90000000 0.0000000003 0.0000000000 359.05197905 0.0000000000 0.0000000000 0.0000000000
 165.01000000 435049.82432 6478560.8200 -110.1099976 165.00999757 -0.006678775 -0.004987278 232.30197905 0.0500000000 0.0784929356 233.25000000
 184.12000000 435049.80428 6478560.8051 -129.2199806 184.11998060 -0.026715097 -0.019949109 232.30197905 0.1000000000 0.0784929356 233.25000000
 204.28500000 435049.77275 6478560.7798 -149.3849398 204.28493983 -0.058246456 -0.045229953 228.81224341 0.1298493728 0.0455919638 229.76026436
 224.45000000 435049.73454 6478560.7460 -169.5498751 224.44987510 -0.096460640 -0.078971623 226.63197905 0.1600000000 0.0455919638 227.58000000
 237.89666667 435049.69092 6478560.6993 -182.9963808 237.89638085 -0.140079801 -0.125712621 220.18398843 0.3857355743 0.5074681573 221.13200938
 251.34333333 435049.61548 6478560.6097 -196.4425283 251.34252834 -0.215515548 -0.215293012 218.50357470 0.6127467666 0.5074681573 219.45159565
 264.79000000 435049.50823 6478560.4773 -209.8881056 264.78810565 -0.322766691 -0.347711391 217.73197905 0.8400000000 0.5074681573 218.68000000
 278.22666667 435049.37405 6478560.2953 -223.3228565 278.22285651 -0.456945427 -0.529734804 213.68842733 1.0904760051 0.5792035489 214.63644828
 291.66333333 435049.21765 6478560.0566 -236.7564801 291.65648014 -0.613346266 -0.768357718 211.16299942 1.3443478906 0.5792035489 212.11102037
 305.10000000 435049.03903 6478559.7614 -250.1887011 305.08870115 -0.791966002 -1.063575241 209.44197905 1.6000000000 0.5792035489 210.39000000
 318.55000000 435048.80067 6478559.4192 -263.6321967 318.53219675 -1.030327755 -1.405763493 217.55383380 1.9636131987 0.9851186127 218.50185475
 332.00000000 435048.46543 6478559.0404 -277.0726389 331.97263893 -1.365570071 -1.784646475 223.05814524 2.3540695537 0.9851186127 224.00616619
 345.45000000 435048.03333 6478558.6248 -290.5092291 345.40922907 -1.797673029 -2.200201673 226.97197905 2.7600000000 0.9851186127 227.92000000
 355.53750000 435047.61739 6478558.2872 -300.5824300 355.48242999 -2.213613982 -2.537827854 232.47694038 3.3376535922 1.9240902997 233.42496133
 365.62500000 435047.09039 6478557.9251 -310.6495796 365.54957965 -2.740611320 -2.899852286 236.33475649 3.9369097942 1.9240902997 237.28277744
 375.71250000 435046.45240 6478557.5388 -320.7093944 375.60939444 -3.378597850 -3.286228817 239.16551762 4.5492396720 1.9240902997 240.11353857
 385.80000000 435045.70351 6478557.1281 -330.7605917 385.66059170 -4.127492227 -3.696908181 241.32197905 5.1700000000 1.9240902997 242.27000000
 399.24000000 435044.57177 6478556.5230 -344.1390723 399.03907232 -5.259226536 -4.301957438 240.56502171 5.7925952503 1.3990319297 241.51304266
 412.68000000 435043.31992 6478555.8346 -357.5028026 412.40280263 -6.511084401 -4.990390693 239.95462571 6.4160002917 1.3990319297 240.90264666
 426.12000000 435041.94808 6478555.0629 -370.8501835 425.75018347 -7.882916021 -5.762125564 239.45197905 7.0400000000 1.3990319297 240.40000000
 436.19000000 435040.88626 6478554.4032 -380.8421919 435.74219190 -8.944735952 -6.421846185 235.00695514 7.2377289964 1.7474092064 235.95497609
 446.26000000 435039.84639 6478553.6429 -390.8293581 445.72935807 -9.984605084 -7.182136969 230.82037399 7.4761462206 1.7474092064 231.76839495
 456.33000000 435038.82859 6478552.7821 -400.8106353 455.71063534 -11.00241444 -8.042918234 226.91019337 7.7514980815 1.7474092064 227.85821432
 466.40000000 435037.83294 6478551.8209 -410.7849777 465.68497767 -11.99805735 -9.004099777 223.28197905 8.0600000000 1.7474092064 224.23000000
 476.46250000 435036.88767 6478550.7624 -420.7467684 475.64676841 -12.94332764 -10.06260381 218.38790875 8.1756294239 2.0883675853 219.33592970
 486.52500000 435036.01954 6478549.6082 -430.7049472 485.60494720 -13.81146334 -11.21681656 213.66207054 8.3482437422 2.0883675853 214.61009149
 496.58750000 435035.22867 6478548.3584 -440.6580257 495.55802566 -14.60233468 -12.46656553 209.15495027 8.5744019664 2.0883675853 210.10297122
 506.65000000 435034.51518 6478547.0133 -450.6045162 505.50451617 -15.31582346 -13.81166392 204.90197905 8.8500000000 2.0883675853 205.85000000
 520.08666667 435033.69615 6478545.1238 -463.8822186 518.78221864 -16.13484659 -15.70119665 200.05848732 8.8044703861 1.6620993537 201.00650827
 533.52333333 435033.04122 6478543.1748 -477.1604388 532.06043884 -16.78978353 -17.65015820 195.19930025 8.8212545717 1.6620993537 196.14732120
 546.96000000 435032.55048 6478541.1668 -490.4369352 545.33693525 -17.28052372 -19.65821957 190.39197905 8.9000000000 1.6620993537 191.34000000
 560.40000000 435032.19934 6478539.1217 -503.7156330 558.61563300 -17.63166053 -21.70330288 187.19285389 8.8760151118 1.1044528798 188.14087484
 573.84000000 435031.96337 6478537.0626 -516.9947049 571.89470487 -17.86762846 -23.76244182 183.98634406 8.8793587010 1.1044528798 184.93436501
 587.28000000 435031.84259 6478534.9895 -530.2731605 585.17316055 -17.98840991 -25.83548284 180.79197905 8.9100000000 1.1044528798 181.74000000
 607.41000000 435031.76323 6478531.8661 -550.1590380 605.05903801 -18.06776517 -28.95887474 180.22416292 8.9545716708 0.1472265115 181.17218387
 627.54000000 435031.71444 6478528.7265 -570.0424545 624.94245450 -18.11655940 -32.09850791 179.66197905 9.0000000000 0.1472265115 180.61000000
 640.90333333 435031.74469 6478526.6228 -583.2389694 638.13896940 -18.08630599 -34.20223902 176.81424542 9.1288122366 1.0477553296 177.76226637
 654.26666667 435031.87995 6478524.4909 -596.4303134 651.33031337 -17.95105205 -36.33406011 174.05153327 9.2791547691 1.0477553296 174.99955422
 667.63000000 435032.12019 6478522.3312 -609.6156111 664.51561112 -17.71080655 -38.49382974 171.38197905 9.4500000000 1.0477553296 172.33000000
 681.07333333 435032.44133 6478520.1400 -622.8751393 677.77513932 -17.38966813 -40.68502372 170.05130704 9.5217404095 0.5148961026 170.99932799
 694.51666667 435032.81577 6478517.9398 -636.1317859 691.03178594 -17.01523451 -42.88516359 168.74102991 9.5984464270 0.5148961026 169.68905086
 707.96000000 435033.24349 6478515.7308 -649.3853360 704.28533602 -16.58751176 -45.09421368 167.45197905 9.6800000000 0.5148961026 168.40000000
 721.40000000 435033.74854 6478513.4595 -662.6221835 717.52218347 -16.08245609 -47.36546319 165.63146760 10.268084662 1.4893164832 166.57948855
 734.84000000 435034.35516 6478511.0719 -675.8342411 730.73424113 -15.47584189 -49.75311492 164.00759008 10.865222669 1.4893164832 164.95561103
 748.28000000 435035.06325 6478508.5682 -689.0197174 743.91971738 -14.76775141 -52.25684509 162.55197905 11.470000000 1.4893164832 163.50000000
 758.35250000 435035.67140 6478506.6062 -698.8803444 753.78034440 -14.15960389 -54.21882272 161.14420171 12.073731802 1.9911337015 162.09222266
 768.42500000 435036.35843 6478504.5601 -708.7186476 763.61864763 -13.47256811 -56.26494832 159.86927252 12.683872401 1.9911337015 160.81729347
 778.49750000 435037.12426 6478502.4301 -718.5332877 773.43328769 -12.70673758 -58.39494334 158.71003398 13.299539618 1.9911337015 159.65805493
 788.57000000 435037.96878 6478500.2165 -728.3229284 783.22292843 -11.86221658 -60.60851781 157.65197905 13.920000000 1.9911337015 158.60000000
 802.01666667 435039.21004 6478497.1595 -741.3581544 796.25815441 -10.62096264 -63.66553747 156.28171213 14.499598211 1.4949998704 157.22973308
 815.46333333 435040.57388 6478494.0102 -754.3590993 809.25909931 -9.257118552 -66.81481298 155.01523306 15.086539859 1.4949998704 155.96325401
 828.91000000 435042.06013 6478490.7691 -767.3239849 822.22398487 -7.770870849 -70.05591359 153.84197905 15.680000000 1.4949998704 154.79000000
 842.35666667 435043.64652 6478487.4570 -780.2590560 835.15905596 -6.184478461 -73.36800940 153.08417595 16.030838206 0.9088490005 154.03219691
 855.80333333 435045.31088 6478484.0945 -793.1713048 848.07130479 -4.520121697 -76.73045191 152.35811016 16.384225380 0.9088490005 153.30613111
 869.25000000 435047.05312 6478480.6819 -806.0600786 860.96007862 -2.777884689 -80.14307114 151.66197905 16.740000000 0.9088490005 152.61000000
 882.70000000 435048.81266 6478477.2608 -818.9477423 873.84774230 -1.018341799 -83.56418742 152.00911868 16.512736345 0.5532053353 152.95713963
 896.15000000 435050.52809 6478473.8745 -831.8505500 886.75055000 0.6970857611 -86.95048870 152.36566120 16.286061365 0.5532053353 153.31368215
 909.60000000 435052.19937 6478470.5231 -844.7682600 899.66825996 2.3683658458 -90.30191152 152.73197905 16.060000000 0.5532053353 153.68000000
 923.04666667 435053.81573 6478467.2207 -857.7021012 912.60210116 3.9847299717 -93.60430882 153.21850155 15.688845847 0.8796702044 154.16652250
 936.49333333 435055.36720 6478463.9799 -870.6594619 925.55946188 5.5361975975 -96.84512424 153.72795948 15.318817956 0.8796702044 154.67598043
 949.94000000 435056.85370 6478460.8008 -883.6397285 938.53972850 7.0226952508 -100.0242043 154.26197905 14.950000000 0.8796702044 155.21000000
 963.39000000 435058.28890 6478457.6951 -896.6469657 951.54696574 8.4578996864 -103.1299268 154.23680949 14.533330406 0.9294843234 155.18483045
 976.84000000 435059.68576 6478454.6759 -909.6787480 964.57874800 9.8547639598 -106.1491006 154.21018703 14.116663653 0.9294843234 155.15820798
 990.29000000 435061.04421 6478451.7434 -922.7343859 977.63438593 11.213214179 -109.0815661 154.18197905 13.700000000 0.9294843234 155.13000000
 1003.7500000 435062.39765 6478448.8932 -935.8190531 990.71905311 12.566649867 -111.9317801 153.10954587 13.425182995 0.8302648002 154.05756682
 1017.2100000 435063.77749 6478446.1251 -948.9185835 1003.8185835 13.946489062 -114.6999276 151.99351698 13.155084103 0.8302648002 152.94153793
 1030.6700000 435065.18367 6478443.4391 -962.0324234 1016.9324234 15.352673438 -117.3858918 150.83197905 12.890000000 0.8302648002 151.78000000
 1044.1133333 435066.58559 6478440.8212 -975.1434029 1030.0434029 16.754591560 -120.0038349 150.93454995 12.643291754 0.5528699895 151.88257090
 1057.5566667 435067.95617 6478438.2505 -988.2670513 1043.1670513 18.125169010 -122.5745128 151.04113534 12.396624260 0.5528699895 151.98915629
 1071.0000000 435069.29538 6478435.7271 -1001.403123 1056.3031232 19.464380161 -125.0978776 151.15197905 12.150000000 0.5528699895 152.10000000
 1084.4566667 435070.66499 6478433.2294 -1014.554588 1069.4545882 20.833992998 -127.5956103 149.48665002 12.303632215 0.8575947486 150.43467098
 1097.9133333 435072.12413 6478430.7406 -1027.698115 1082.5981153 22.293125082 -130.0843902 147.86304361 12.467092670 0.8575947486 148.81106456
 1111.3700000 435073.67271 6478428.2609 -1040.833112 1095.7331120 23.841710640 -132.5641052 146.28197905 12.640000000 0.8575947486 147.23000000
 1121.4600000 435074.92061 6478426.3583 -1050.662937 1105.5629366 25.089611644 -134.4667421 145.33042428 13.435713673 2.4503517899 146.27844523
 1131.5500000 435076.27480 6478424.3624 -1060.460133 1115.3601335 26.443796828 -136.4625890 144.48362662 14.234605912 2.4503517899 145.43164757
 1141.6400000 435077.73499 6478422.2738 -1070.222676 1125.1226758 27.903986022 -138.5512330 143.72520808 15.036169937 2.4503517899 144.67322903
 1151.7300000 435079.30088 6478420.0928 -1079.948544 1134.8485436 29.469877125 -140.7322420 143.04197905 15.840000000 2.4503517899 143.99000000
 1161.8150000 435080.91495 6478417.8052 -1089.636800 1144.5367996 31.083945226 -143.0197966 144.62226694 16.409508679 2.1386883696 145.57028789
 1171.9000000 435082.52131 6478415.3947 -1099.296453 1154.1964533 32.690312725 -145.4303391 146.09840408 16.990053460 2.1386883696 147.04642503
 1181.9850000 435084.11973 6478412.8615 -1108.925984 1163.8259838 34.288726695 -147.9634898 147.47900091 17.580540382 2.1386883696 148.42702186
 1192.0700000 435085.70994 6478410.2061 -1118.523875 1173.4238748 35.878935461 -150.6188500 148.77197905 18.180000000 2.1386883696 149.72000000
 1205.5200000 435087.88279 6478406.6066 -1131.299287 1186.1992868 38.051792349 -154.2183537 147.10100534 18.269049595 1.1823741635 148.04902629
 1218.9700000 435090.17080 6478403.0537 -1144.067615 1198.9676146 40.339795355 -157.7713256 145.44694617 18.372463344 1.1823741635 146.39496712
 1232.4200000 435092.57375 6478399.5475 -1156.827765 1211.7277652 42.742748628 -161.2774613 143.81197905 18.490000000 1.1823741635 144.76000000
 1242.4975000 435094.38996 6478396.9787 -1166.401205 1221.3012047 44.558963344 -163.8462826 143.76899272 17.904983831 1.7420098271 144.71701367
 1252.5750000 435096.15160 6478394.4912 -1176.006278 1230.9062780 46.320599677 -166.3338218 143.72320068 17.319977712 1.7420098271 144.67122163
 1262.6525000 435097.85847 6478392.0852 -1185.641983 1240.5419832 48.027473876 -168.7398194 143.67430848 16.734982699 1.7420098271 144.62232943
 1272.7300000 435099.51041 6478389.7610 -1195.307315 1250.2073150 49.679407900 -171.0640244 143.62197905 16.150000000 1.7420098271 144.57000000
 1286.1800000 435101.65340 6478386.7296 -1208.234462 1263.1344619 51.822404142 -174.0953640 143.96800637 15.906090216 0.5842823088 144.91602732
 1299.6300000 435103.74632 6478383.7303 -1221.177283 1276.0772827 53.915315350 -177.0946927 144.32451625 15.662747922 0.5842823088 145.27253720
 1313.0800000 435105.78910 6478380.7631 -1234.135507 1289.0355068 55.958097778 -180.0619480 144.69197905 15.420000000 0.5842823088 145.64000000
 1333.2550000 435108.81809 6478376.3256 -1253.581449 1308.4814490 58.987086431 -184.4994047 144.77730045 15.479983783 0.0953840127 145.72532140
 1353.4300000 435111.85194 6478371.8668 -1273.021752 1327.9217522 62.020938706 -188.9581778 144.86197905 15.540000000 0.0953840127 145.81000000
 1363.5075000 435113.42038 6478369.6730 -1282.731359 1337.6313590 63.589378858 -191.1520495 142.11727990 15.524276465 2.1882666691 143.06530085
 1373.5850000 435115.09225 6478367.5566 -1292.440907 1347.3409074 65.261251493 -193.2684275 139.37300895 15.542484190 2.1882666691 140.32102990
 1383.6625000 435116.86728 6478365.5180 -1302.148799 1357.0487990 67.036281431 -195.3069632 136.64080101 15.594504266 2.1882666691 137.58882196
 1393.7400000 435118.74518 6478363.5577 -1311.853436 1366.7534361 68.914176513 -197.2673213 133.93197905 15.680000000 2.1882666691 134.88000000
 1403.8200000 435120.72818 6478361.6796 -1321.556011 1376.4560112 70.897176498 -199.1454496 131.06952152 15.783152495 2.3299039657 132.01754247
 1413.9000000 435122.81752 6478359.8887 -1331.252761 1386.1527605 72.986517086 -200.9363292 128.24971433 15.923212574 2.3299039657 129.19773528
 1423.9800000 435125.01281 6478358.1854 -1340.941874 1395.8418737 75.181808232 -202.6396257 125.48388666 16.099216486 2.3299039657 126.43190761
 1434.0600000 435127.31364 6478356.5700 -1350.621542 1405.5215420 77.482640113 -204.2550211 122.78197905 16.310000000 2.3299039657 123.73000000
 1444.1500000 435129.74410 6478355.0564 -1360.296321 1415.1963208 79.913100287 -205.7685738 119.18668634 16.688031453 3.2366316164 120.13470729
 1454.2400000 435132.32330 6478353.6619 -1369.950448 1424.8504480 82.492295962 -207.1630707 115.75799766 17.125326701 3.2366316164 116.70601861
 1464.3300000 435135.05030 6478352.3870 -1379.580439 1434.4804388 85.219296128 -208.4380085 112.50509565 17.617470230 3.2366316164 113.45311660
 1474.4200000 435137.92412 6478351.2321 -1389.182817 1444.0828171 88.093116426 -209.5929270 109.43197905 18.160000000 3.2366316164 110.38000000
 1484.5050000 435140.94122 6478350.1139 -1398.740262 1453.6402618 91.110215041 -210.7110755 109.34388898 19.064947527 2.6932590643 110.29190993
 1494.5900000 435144.10115 6478348.9481 -1408.245677 1463.1456775 94.270145338 -211.8768855 109.26349950 19.969933210 2.6932590643 110.21152045
 1504.6750000 435147.40312 6478347.7349 -1417.696691 1472.5966906 97.572118293 -213.0900658 109.18980818 20.874952083 2.6932590643 110.13782913
 1514.7600000 435150.84631 6478346.4747 -1427.090941 1481.9909412 101.01530942 -214.3503135 109.12197905 21.780000000 2.6932590643 110.07000000
 1528.2100000 435155.57526 6478344.7169 -1439.558120 1494.4581203 105.74425977 -216.1080783 109.75544587 22.297700062 1.2706048831 110.70346682
 1541.6600000 435160.39010 6478342.8677 -1451.979082 1506.8790823 110.55909770 -217.9572668 110.36153857 22.817752596 1.2706048831 111.30955952
 1555.1100000 435165.29035 6478340.9273 -1464.352600 1519.2525996 115.45934726 -219.8976962 110.94197905 23.340000000 1.2706048831 111.89000000
 1568.5600000 435170.26495 6478338.9001 -1476.682450 1531.5824501 120.43394631 -221.9248854 111.49993167 23.758095138 1.0568191066 112.44795262
 1582.0100000 435175.30293 6478336.7906 -1488.972667 1543.8726668 125.47192672 -224.0343863 112.03964535 24.178128324 1.0568191066 112.98766630
 1595.4600000 435180.40394 6478334.5989 -1501.222409 1556.1224091 130.57294396 -226.2260547 112.56197905 24.600000000 1.0568191066 113.51000000
 1608.9100000 435185.56788 6478332.3054 -1513.426997 1568.3269971 135.73687624 -228.5195898 113.43013811 25.101893999 1.3839776354 114.37815906
 1622.3600000 435190.79443 6478329.8904 -1525.581356 1580.4813565 140.96342861 -230.9346080 114.26627546 25.608655444 1.3839776354 115.21429641
 1635.8100000 435196.08299 6478327.3542 -1537.684062 1592.5840618 146.25198811 -233.4708262 115.07197905 26.120000000 1.3839776354 116.02000000
 1649.2533333 435201.42223 6478324.8416 -1549.761968 1604.6619682 151.59122839 -235.9834224 113.43032299 25.977872947 1.6397030078 114.37834394
 1662.6966667 435206.80592 6478322.4949 -1561.853525 1616.7535252 156.97492193 -238.3300738 111.77297915 25.854449592 1.6397030078 112.72100010
 1676.1400000 435212.23318 6478320.3146 -1573.956744 1628.8567442 162.40218336 -240.5103945 110.10197905 25.750000000 1.6397030078 111.05000000
 1689.5933333 435217.70767 6478318.3002 -1586.078542 1640.9785415 167.87666741 -242.5248353 108.40357236 25.666852120 1.6532905286 109.35159331
 1703.0466667 435223.22490 6478316.4542 -1598.207793 1653.1077930 173.39390409 -244.3707507 106.69610424 25.603469580 1.6532905286 107.64412519
 1716.5000000 435228.78397 6478314.7772 -1610.342467 1665.2424675 178.95296958 -246.0478315 104.98197905 25.560000000 1.6532905286 105.93000000
 1736.6600000 435237.14537 6478312.3827 -1628.528353 1683.4283528 187.31437231 -248.4422697 105.08203375 25.574966019 0.0680074094 106.03005470
 1756.8200000 435245.50716 6478309.9724 -1646.711960 1701.6119596 195.67615601 -250.8526158 105.18197905 25.590000000 0.0680074094 106.13000000
 1770.2866667 435251.08410 6478308.3328 -1658.858433 1713.7584329 201.25309687 -252.4921997 105.68814223 25.574922705 0.4880606264 106.63616319
 1783.7533333 435256.64345 6478306.6449 -1671.006348 1725.9063476 206.81244694 -254.1801384 106.19483014 25.561588459 0.4880606264 107.14285109
 1797.2200000 435262.18512 6478304.9086 -1683.155526 1738.0555262 212.35412494 -255.9164072 106.70197905 25.550000000 0.4880606264 107.65000000
 1817.3900000 435270.47695 6478302.3092 -1701.356204 1756.2562042 220.64594664 -258.5157835 106.21269594 25.509185607 0.3194588701 107.16071689
 1837.5600000 435278.77854 6478299.7845 -1719.562947 1774.4629466 228.94754039 -261.0404555 105.72197905 25.470000000 0.3194588701 106.67000000
 1857.7300000 435287.09672 6478297.2949 -1737.766954 1792.6669537 237.26571934 -263.5300871 105.70693797 25.544999236 0.1119659001 106.65495892
 1877.9000000 435295.43836 6478294.8006 -1755.959576 1810.8595756 245.60736480 -266.0243628 105.69197905 25.620000000 0.1119659001 106.64000000
 1891.3500000 435300.99788 6478293.1073 -1768.088184 1822.9881842 251.16688100 -267.7176602 106.29123268 25.600886125 0.5793250619 107.23925363
 1904.8000000 435306.53576 6478291.3571 -1780.218608 1835.1186077 256.70476061 -269.4679087 106.89126789 25.584217858 0.5793250619 107.83928884
 1918.2500000 435312.05189 6478289.5499 -1792.350597 1847.2505968 262.22088983 -271.2750721 107.49197905 25.570000000 0.5793250619 108.44000000
 1938.4300000 435320.31183 6478286.8138 -1810.556817 1865.4568167 270.48082564 -274.0112141 107.26726676 25.534828164 0.1532864746 108.21528771
 1958.6100000 435328.57187 6478284.1136 -1828.768351 1883.6683505 278.74087351 -276.7114432 107.04197905 25.500000000 0.1532864746 107.99000000
 1972.0633333 435334.10024 6478282.3223 -1840.900831 1895.8008308 284.26924167 -278.5026671 106.96756500 25.703296408 0.4589724318 107.91558596
 1985.5166667 435339.67184 6478280.5250 -1853.012606 1907.9126061 289.84083851 -280.2999636 106.89424012 25.906630032 0.4589724318 107.84226107
 1998.9700000 435345.28659 6478278.7217 -1865.103520 1920.0035199 295.45559214 -282.1033095 106.82197905 26.110000000 0.4589724318 107.77000000
 2019.1450000 435353.73140 6478276.0282 -1883.225492 1938.1254920 303.90040294 -284.7968165 106.66240780 26.034911895 0.1527826839 107.61042875
 2039.3200000 435362.16108 6478273.3654 -1901.359056 1956.2590556 312.33008303 -287.4595856 106.50197905 25.960000000 0.1527826839 107.45000000
 2052.7700000 435367.78898 6478271.5640 -1913.440416 1968.3404161 317.95797831 -289.2610033 107.09806268 26.184270606 0.7692070823 108.04608363
 2066.2200000 435373.44305 6478269.6897 -1925.498420 1980.3984195 323.61205379 -291.1353492 107.68468098 26.410957926 0.7692070823 108.63270193
 2079.6700000 435379.12310 6478267.7424 -1937.532629 1992.4326290 329.29210464 -293.0825555 108.26197905 26.640000000 0.7692070823 109.21000000
 2099.8400000 435387.64571 6478264.7638 -1955.567723 2010.4677230 337.81470586 -296.0612417 108.37167180 26.559957769 0.1396780223 109.31969275
 2120.0100000 435396.13882 6478261.7771 -1973.615409 2028.5154094 346.30781694 -299.0479306 108.48197905 26.480000000 0.1396780223 109.43000000
 2140.1800000 435404.60447 6478258.7672 -1991.672151 2046.5721512 354.77346580 -302.0577866 108.76662902 26.444717365 0.1958230777 109.71464997
 2160.3500000 435413.04467 6478255.7190 -2009.734380 2064.6343801 363.21366580 -305.1059689 109.05197905 26.410000000 0.1958230777 110.00000000
 2180.5250000 435421.49703 6478252.6468 -2027.792426 2082.6924256 371.66603408 -308.1781670 109.00172587 26.554991276 0.2181602443 109.94974682
 2200.7000000 435429.99500 6478249.5665 -2045.827646 2100.7276456 380.16400232 -311.2585465 108.95197905 26.700000000 0.2181602443 109.90000000
 2220.8800000 435438.50863 6478246.5092 -2063.865000 2118.7649996 388.67763361 -314.3158158 108.65816224 26.584696072 0.2602809531 109.60618319
 2241.0600000 435447.00375 6478243.5079 -2081.920480 2136.8204801 397.17275175 -317.3171486 108.36197905 26.470000000 0.2602809531 109.31000000
 2254.5200000 435452.67781 6478241.5709 -2093.970325 2148.8703254 402.84681359 -319.2541499 107.43935748 26.454066466 0.9170049826 108.38737843
 2267.9800000 435458.37975 6478239.7263 -2106.021528 2160.9215279 408.54875026 -321.0986501 106.51589623 26.444064212 0.9170049826 107.46391718
 2281.4400000 435464.10927 6478237.9744 -2118.073466 2172.9734663 414.27826773 -322.8505539 105.59197905 26.440000000 0.9170049826 106.54000000
 2301.6400000 435472.72485 6478235.4114 -2136.161747 2191.0617473 422.89384920 -325.4136415 105.64695007 26.424989480 0.0426342452 106.59497103
 2321.8400000 435481.33343 6478232.8414 -2154.252382 2209.1523818 431.50242988 -327.9836439 105.70197905 26.410000000 0.0426342452 106.65000000
 2342.0150000 435489.94439 6478230.2797 -2172.315148 2227.2151476 440.11338512 -330.5452983 105.53648798 26.494905142 0.1672008488 106.48450893
 2362.1900000 435498.58837 6478227.7353 -2190.364561 2245.2645609 448.75736926 -333.0897058 105.37197905 26.580000000 0.1672008488 106.32000000
 2382.3700000 435507.26045 6478225.2060 -2208.408204 2263.3082040 457.42944928 -335.6190007 105.25179105 26.624949656 0.1042443402 106.19981200
 2402.5500000 435515.95141 6478222.6909 -2226.444744 2281.3447442 466.12041298 -338.1340645 105.13197905 26.670000000 0.1042443402 106.08000000
 2422.7250000 435524.64260 6478220.2077 -2244.479993 2299.3799931 474.81159963 -340.6172891 104.86277947 26.584745400 0.2196775549 105.81080042
 2442.9000000 435533.31963 6478217.7727 -2262.528637 2317.4286366 483.48863006 -343.0523007 104.59197905 26.500000000 0.2196775549 105.54000000
 2456.3500000 435539.11443 6478216.1473 -2274.555910 2329.4559095 489.28342831 -344.6777250 104.84853516 26.682881323 0.4816701878 105.79655611
 2469.8000000 435544.93886 6478214.4856 -2286.563880 2341.4638802 495.10785734 -346.3394495 105.10184902 26.866217756 0.4816701878 106.04986997
 2483.2500000 435550.79283 6478212.7875 -2298.552378 2353.4523780 500.96183441 -348.0374505 105.35197905 27.050000000 0.4816701878 106.30000000
 2503.4350000 435559.63335 6478210.2079 -2316.512480 2371.4124800 509.80234924 -350.6170918 105.28651668 27.259984989 0.3152337564 106.23453763
 2523.6200000 435568.53992 6478207.6200 -2334.438696 2389.3386962 518.70891585 -353.2050464 105.22197905 27.470000000 0.3152337564 106.17000000
 2543.7900000 435577.47533 6478205.0586 -2352.337467 2407.2374667 527.64432576 -355.7664370 104.87239091 27.434562854 0.2454338149 105.82041186
 2563.9600000 435586.41569 6478202.5548 -2370.241914 2425.1419141 536.58468872 -358.2702483 104.52197905 27.400000000 0.2454338149 105.47000000
 2577.4100000 435592.35269 6478200.8832 -2382.193211 2437.0932106 542.52169352 -359.9417719 105.03208379 27.211449674 0.6702907994 105.98010474
 2590.8600000 435598.23689 6478199.1695 -2394.164647 2449.0646472 548.40589046 -361.6554742 105.54872717 27.024769931 0.6702907994 106.49674812
 2604.3100000 435604.06812 6478197.4137 -2406.155894 2461.0558944 554.23711766 -363.4113081 106.07197905 26.840000000 0.6702907994 107.02000000
 2614.3975000 435608.41199 6478196.0116 -2415.150688 2470.0506878 558.58098762 -364.8134249 107.80559871 26.993938098 2.3783972621 108.75361966
 2624.4850000 435612.73600 6478194.4707 -2424.132336 2479.0323363 562.90500084 -366.3542631 109.51979675 27.168859620 2.3783972621 110.46781770
 2634.5725000 435617.03931 6478192.7915 -2433.099090 2487.9990899 567.20831489 -368.0335225 111.21254005 27.364360197 2.3783972621 112.16056100
 2644.6600000 435621.32109 6478190.9741 -2442.049202 2496.9492017 571.49009140 -369.8508761 112.88197905 27.580000000 2.3783972621 113.83000000
 2654.7500000 435625.55885 6478189.0094 -2450.991882 2505.8918819 575.72784835 -371.8156465 114.96936206 27.603474994 2.8752796495 115.91738301
 2664.8400000 435629.72774 6478186.8889 -2459.931374 2514.8313738 579.89674215 -373.9360726 117.05131108 27.658107025 2.8752796495 117.99933203
 2674.9300000 435633.82659 6478184.6134 -2468.865131 2523.7651306 583.99558522 -376.2115503 119.12356165 27.743711043 2.8752796495 120.07158260
 2685.0200000 435637.85421 6478182.1836 -2477.790608 2532.6906076 588.02320993 -378.6414314 121.18197905 27.860000000 2.8752796495 122.13000000
 2690.7250000 435640.10065 6478180.7369 -2482.830695 2537.7306951 590.26964917 -380.0880615 122.47895967 28.018976906 3.3030217003 123.42698062
 2696.4300000 435642.32596 6478179.2320 -2487.863063 2542.7630631 592.49496036 -381.5930258 123.76197905 28.190000000 3.3030217003 124.71000000
 2707.5200000 435646.58962 6478176.1482 -2497.624019 2552.5240194 596.75862092 -384.6767895 126.08457372 28.493361301 3.0933346246 127.03259467
 2718.6100000 435650.76929 6478172.8619 -2507.355159 2562.2551587 600.93829015 -387.9630571 128.35947641 28.835405715 3.0933346246 129.30749736
 2729.7000000 435654.86330 6478169.3745 -2517.052605 2571.9526051 605.03230327 -391.4505197 130.58295432 29.214766155 3.0933346246 131.53097527
 2740.7900000 435658.87003 6478165.6872 -2526.712496 2581.6124959 609.03902964 -395.1377882 132.75197905 29.630000000 3.0933346246 133.70000000
 2749.0675000 435661.80307 6478162.8028 -2533.894502 2588.7945022 611.97206597 -398.0222083 134.38526733 29.998687887 3.2321407350 135.33328828
 2757.3450000 435664.68647 6478159.8027 -2541.049157 2595.9491572 614.85546577 -401.0222817 135.98160041 30.387084271 3.2321407350 136.92962136
 2765.6225000 435667.51953 6478156.6877 -2548.174727 2603.0747275 617.68853051 -404.1372815 137.54057167 30.794437674 3.2321407350 138.48859262
 2773.9000000 435670.30157 6478153.4585 -2555.269487 2610.1694869 620.47057385 -407.3664530 139.06197905 31.220000000 3.2321407350 140.01000000
 2782.8200000 435673.21643 6478149.8599 -2562.891975 2617.7919752 623.38543355 -410.9651381 141.02440588 31.367225915 3.4636886647 141.97242683
 2791.7400000 435676.01989 6478146.1467 -2570.501327 2625.4013272 626.18888750 -414.6782952 142.96871327 31.544059016 3.4636886647 143.91673422
 2800.6600000 435678.71103 6478142.3203 -2578.095085 2632.9950846 628.88002998 -418.5047247 144.89197905 31.750000000 3.4636886647 145.84000000
 2810.5700000 435681.59221 6478137.9804 -2586.524355 2641.4243550 631.76121207 -422.8445852 146.05342091 31.701634993 1.8546547516 147.00144186
 2820.4800000 435684.38132 6478133.5883 -2594.957542 2649.8575423 634.55032156 -427.2366763 147.21769431 31.663822951 1.8546547516 148.16571526
 2830.3900000 435687.07804 6478129.1445 -2603.393682 2658.2936823 637.24703954 -431.6804957 148.38411224 31.636602081 1.8546547516 149.33213319
 2840.3000000 435689.68206 6478124.6495 -2611.831811 2666.7318106 639.85105770 -436.1755354 149.55197905 31.620000000 1.8546547516 150.50000000
 2850.1875000 435692.19025 6478120.1062 -2620.246735 2675.1467347 642.35925145 -440.7187551 150.74636775 31.726023295 1.9297963694 151.69438870
 2860.0750000 435694.61111 6478115.4974 -2628.651534 2683.5515335 644.78010577 -445.3276084 151.93325755 31.843114496 1.9297963694 152.88127850
 2869.9625000 435696.94432 6478110.8235 -2637.045172 2691.9451715 647.11332236 -450.0015274 153.11199999 31.971150807 1.9297963694 154.06002094
 2879.8500000 435699.18961 6478106.0851 -2645.426614 2700.3266144 649.35861370 -454.7399361 154.28197905 32.110000000 1.9297963694 155.23000000
 2889.9050000 435701.37566 6478101.1987 -2653.936974 2708.8369741 651.54466196 -459.6263071 155.61418671 32.251903881 2.1588226702 156.56220766
 2899.9600000 435703.45653 6478096.2426 -2662.433392 2717.3333922 653.62552547 -464.5823509 156.93547142 32.407674733 2.1588226702 157.88349237
 2910.0150000 435705.43187 6478091.2177 -2670.914514 2725.8145138 655.60087240 -469.6072772 158.24499581 32.577111545 2.1588226702 159.19301676
 2920.0700000 435707.30139 6478086.1247 -2679.378986 2734.2789864 657.47038771 -474.7002845 159.54197905 32.760000000 2.1588226702 160.49000000
 2933.0733333 435709.62741 6478079.4305 -2690.279777 2745.1797766 659.79641377 -481.3944614 160.23527298 33.316323380 1.5516961362 161.18329393
 2946.0766667 435711.90701 6478072.6087 -2701.110982 2756.0109820 662.07601212 -488.2162641 160.90831488 33.876384911 1.5516961362 161.85633583
 2959.0800000 435714.13987 6478065.6602 -2711.871110 2766.7711101 664.30886867 -495.1647527 161.56197905 34.440000000 1.5516961362 162.51000000
 2973.0866667 435716.46506 6478058.0612 -2723.403163 2778.3031626 666.63405551 -502.7638309 162.51225396 34.722787115 1.3043455245 163.46027491
 2987.0933333 435718.68073 6478050.3695 -2734.895327 2789.7953274 668.84972729 -510.4554511 163.44891812 35.012847734 1.3043455245 164.39693907
 3001.1000000 435720.78663 6478042.5863 -2746.346306 2801.2463063 670.95563369 -518.2387444 164.37197905 35.310000000 1.3043455245 165.32000000
 3011.1900000 435722.19067 6478036.9067 -2754.565374 2809.4653741 672.35967191 -523.9183018 165.95511284 35.602431440 2.8654791928 166.90313379
 3021.2800000 435723.44765 6478031.1484 -2762.753407 2817.6534075 673.61664735 -529.6765601 167.51506244 35.915268884 2.8654791928 168.46308339
 3031.3700000 435724.55720 6478025.3131 -2770.908090 2825.8080897 674.72620437 -535.5118899 169.05093566 36.247975406 2.8654791928 169.99895661
 3041.4600000 435725.51903 6478019.4024 -2779.027114 2833.9271138 675.68802907 -541.4226403 170.56197905 36.600000000 2.8654791928 171.51000000
 3051.4175000 435726.30204 6478013.5005 -2787.006993 2841.9069927 676.47103796 -547.3245171 172.42131025 36.877852370 3.4536988561 173.36933120
 3061.3750000 435726.89846 6478007.5360 -2794.956392 2849.8563919 677.06745801 -553.2889714 174.25554226 37.184285353 3.4536988561 175.20356321
 3071.3325000 435727.30805 6478001.5114 -2802.872129 2857.7721293 677.47705047 -559.3136159 176.06293732 37.518585347 3.4536988561 177.01095827
 3081.2900000 435727.53065 6477995.4290 -2810.751036 2865.6510365 677.69965141 -565.3960391 177.84197905 37.880000000 3.4536988561 178.79000000
 3091.4050000 435727.59501 6477989.1704 -2818.695158 2873.5951579 677.76400663 -571.6546124 179.07386038 38.609439230 3.1297140634 180.02188133
 3101.5200000 435727.52584 6477982.8104 -2826.558222 2881.4582225 677.69484381 -578.0146032 180.26675383 39.351385792 3.1297140634 181.21477478
 3111.6350000 435727.32319 6477976.3511 -2834.337563 2889.2375631 677.49218641 -584.4738544 181.42226651 40.105129193 3.1297140634 182.37028746
 3121.7500000 435726.98710 6477969.7948 -2842.030541 2896.9305411 677.15610317 -591.0301751 182.54197905 40.870000000 3.1297140634 183.49000000
 3132.0150000 435726.53531 6477963.0463 -2849.749968 2904.6499681 676.70431094 -597.7787023 183.21728936 41.599439779 2.4973830774 184.16531031
 3142.2800000 435725.99747 6477956.2058 -2857.382400 2912.2824000 676.16647378 -604.6191754 183.87345584 42.332719365 2.4973830774 184.82147679
 3152.5450000 435725.37371 6477949.2749 -2864.926139 2919.8261391 675.54271132 -611.5500728 184.51139591 43.069636147 2.4973830774 185.45941686
 3162.8100000 435724.66416 6477942.2551 -2872.379507 2927.2795074 674.83316233 -618.5698529 185.13197905 43.810000000 2.4973830774 186.08000000
 3172.9900000 435723.89010 6477935.2038 -2879.678492 2934.5784917 674.05910127 -625.6211764 185.49872498 44.575845373 2.3793295513 186.44674593
 3183.1700000 435723.06034 6477928.0612 -2886.881903 2941.7819032 673.22934446 -632.7637883 185.85564587 45.342832941 2.3793295513 186.80366682
 3193.3500000 435722.17506 6477920.8287 -2893.988311 2948.8883115 672.34405667 -639.9962704 186.20324091 46.110903100 2.3793295513 187.15126186
 3203.5300000 435721.23441 6477913.5078 -2900.996305 2955.8963054 671.40341368 -647.3171864 186.54197905 46.880000000 2.3793295513 187.49000000
 3213.6675000 435720.21770 6477906.1277 -2907.868594 2962.7685941 670.38670298 -654.6972502 187.24502198 47.758971054 3.0174686548 188.19304293
 3223.8050000 435719.09622 6477898.6569 -2914.625473 2969.5254729 669.26522484 -662.1680716 187.92870048 48.642117268 3.0174686548 188.87672143
 3233.9425000 435717.87033 6477891.0977 -2921.264802 2976.1648019 668.03933445 -669.7272846 188.59403244 49.529201035 3.0174686548 189.54205339
 3244.0800000 435716.54042 6477883.4525 -2927.784478 2982.6844783 666.70942005 -677.3724952 189.24197905 50.420000000 3.0174686548 190.19000000
 3254.2475000 435715.09890 6477875.7224 -2934.226595 2989.1265948 665.26789998 -685.1025913 189.98583932 50.948172418 2.3047681562 190.93386027
 3264.4150000 435713.54628 6477867.9534 -2940.595601 2995.4956014 663.71527762 -692.8716128 190.71860767 51.480999457 2.3047681562 191.66662862
 3274.5825000 435711.88284 6477860.1469 -2946.890314 3001.7903144 662.05184154 -700.6781156 191.44056229 52.018325559 2.3047681562 192.38858324
 3284.7500000 435710.10890 6477852.3044 -2953.109564 3008.0095640 660.27790091 -708.5206490 192.15197905 52.560000000 2.3047681562 193.10000000
 3294.8350000 435708.25208 6477844.4870 -2959.200692 3014.1006919 658.42107892 -716.3380134 192.67332971 53.129212800 2.0963890844 193.62135066
 3304.9200000 435706.31029 6477836.6283 -2965.211509 3020.1115094 656.47928908 -724.1967449 193.18695320 53.700668968 2.0963890844 194.13497415
 3315.0050000 435704.28383 6477828.7293 -2971.141107 3026.0411069 654.45282516 -732.0956546 193.69309132 54.274289944 2.0963890844 194.64111227
 3325.0900000 435702.17299 6477820.7915 -2976.988587 3031.8885874 652.34199373 -740.0335476 194.19197905 54.850000000 2.0963890844 195.14000000
 3338.4300000 435699.29259 6477810.2665 -2984.656715 3039.5567153 649.46158740 -750.5585197 194.52299936 54.975772929 0.6716108104 195.47102031
 3351.7700000 435696.34697 6477799.7421 -2992.300777 3047.2007773 646.51597202 -761.0829377 194.85299910 55.102441916 0.6716108104 195.80102005
 3365.1100000 435693.33623 6477789.2185 -2999.920566 3054.8205655 643.50522760 -771.6065158 195.18197905 55.230000000 0.6716108104 196.13000000
 3378.3466667 435690.28882 6477778.7869 -3007.471836 3062.3718356 640.45781970 -782.0381084 195.49177749 55.202547401 0.5800196059 196.43979844
 3391.5833333 435687.18605 6477768.3754 -3015.028239 3069.9282393 637.35505306 -792.4496480 195.80177935 55.175880304 0.5800196059 196.74980030
 3404.8200000 435684.02799 6477757.9841 -3022.589626 3077.4896258 634.19698957 -802.8409269 196.11197905 55.150000000 0.5800196059 197.06000000
 3414.8100000 435681.57594 6477750.1680 -3028.303541 3083.2035409 631.74494302 -810.6569971 196.82766965 55.076176725 1.7768485537 197.77569060
 3424.8000000 435679.02860 6477742.3900 -3034.027710 3088.9277095 629.19759985 -818.4350000 197.54461237 55.006557099 1.7768485537 198.49263332
 3434.7900000 435676.38623 6477734.6509 -3039.761521 3094.6615213 626.55523173 -826.1741061 198.26273873 54.941159177 1.7768485537 199.21075969
 3444.7800000 435673.64912 6477726.9515 -3045.504365 3100.4043647 623.81812043 -833.8734902 198.98197905 54.880000000 1.7768485537 199.93000000
 3454.8300000 435670.80220 6477719.2461 -3051.290280 3106.1902801 620.97120237 -841.5788609 199.67809215 54.821504502 1.7079916630 200.62611310
 3464.8800000 435667.86386 6477711.5813 -3057.084296 3111.9842964 618.03285791 -849.2437205 200.37517363 54.766997205 1.7079916630 201.32319458
 3474.9300000 435664.83438 6477703.9577 -3062.885836 3117.7858357 615.00338008 -856.8673044 201.07315803 54.716491542 1.7079916630 202.02117898
 3484.9800000 435661.71407 6477696.3761 -3068.694319 3123.5943195 611.88307098 -864.4488525 201.77197905 54.670000000 1.7079916630 202.72000000
 3510.0000000 435653.83309 6477677.5544 -3083.163007 3138.0630070 604.00209051 -883.2705590 201.77197905 54.670000000 0.0000000000 202.72000000
