# WELL TRACE FROM PETREL 
# WELL NAME:              Volve F_F-5_F-5_F-5_ACTUAL
# DEFINITIVE SURVEY:      MD Incl Azim survey 2
# WELL HEAD X-COORDINATE: 435050.94500000 (m)
# WELL HEAD Y-COORDINATE: 6478558.87000000 (m)
# WELL DATUM (KB, Kelly bushing, from MSL): 54.90000000 (m)
# WELL TYPE:              INJECTION WATER
# MD AND TVD ARE REFERENCED (=0) AT WELL DATUM AND INCREASE DOWNWARDS
# ANGLES ARE GIVEN IN DEGREES
# XYZ TRACE IS GIVEN IN COORDINATE SYSTEM ED50-UTM31 ("MENTOR:ED50-UTM31:European 1950 Based UTM, Zone 31 North, Meter") [SIS,501080]
# AZIM_TN: azimuth in True North 
# AZIM_GN: azimuth in Grid North 
# DX DY ARE GIVEN IN GRID NORTH IN m-UNITS
# DEPTH (Z, tvd_z) GIVEN IN m-UNITS
#===============================================================================================================================================
      MD            X            Y            Z           TVD           DX          DY        AZIM_TN        INCL         DLS        AZIM_GN
#===============================================================================================================================================
 145.90000000 435050.94500 6478558.8700 -91.00000000 145.90000000 0.0000000003 0.0000000028 359.05199596 0.0000000000 0.0000000000 0.0000000000
 146.00000000 435050.94500 6478558.8700 -91.10000000 146.00000000 0.0000000003 0.0000000028 359.05199596 0.0000000000 0.0000000000 0.0000000000
 150.45000000 435050.94296 6478558.8677 -95.54999855 150.44999855 -0.002038686 -0.002342758 220.08199596 0.0800000000 0.5393258427 221.03000000
 154.90000000 435050.93685 6478558.8606 -99.99998843 154.89998843 -0.008154740 -0.009371039 220.08199596 0.1600000000 0.5393258427 221.03000000
 175.10000000 435050.93350 6478558.8252 -120.1999473 175.09994733 -0.011496306 -0.044772175 132.02897855 0.1176415317 0.2901195181 132.97698260
 195.30000000 435050.99751 6478558.8041 -140.3998250 195.29982500 0.0525128941 -0.065898974 97.201995956 0.2800000000 0.2901195181 98.150000000
 215.45000000 435051.10941 6478558.8343 -160.5494735 215.44947346 0.1644143165 -0.035658104 58.550346091 0.4171562460 0.3938555031 59.498350135
 235.60000000 435051.25023 6478558.9530 -180.6986137 235.59861369 0.3052316750 0.0829735678 42.691995956 0.6400000000 0.3938555031 43.640000000
 249.06666667 435051.32845 6478558.9851 -194.1649337 249.06493373 0.3834536976 0.1151066264 129.28126522 0.2936171189 1.5328417406 130.22926926
 262.53333333 435051.35557 6478558.8639 -207.6309460 262.53094600 0.4105672411 -0.006134166 178.60116664 0.8424434774 1.5328417406 179.54917068
 276.00000000 435051.33157 6478558.5893 -221.0947084 275.99470844 0.3865683954 -0.280731320 187.08199596 1.5100000000 1.5328417406 188.03000000
 289.46666667 435051.29282 6478558.2101 -234.5559643 289.45596434 0.3478243558 -0.659939116 182.97674945 1.7372202322 0.5683379363 183.92475349
 302.93333333 435051.27570 6478557.7750 -248.0155736 302.91557365 0.3307016795 -1.095029348 179.83298382 1.9712772853 0.5683379363 180.78098787
 316.40000000 435051.28020 6478557.2840 -261.4732695 316.37326950 0.3352007061 -1.585993384 177.36199596 2.2100000000 0.5683379363 178.31000000
 329.83333333 435051.31167 6478556.6933 -274.8934932 329.79349322 0.3666741382 -2.176698315 174.94396014 2.8406140406 1.4279649509 175.89196419
 343.26666667 435051.37555 6478555.9565 -288.3063670 343.20636702 0.4305471722 -2.913534260 173.40562288 3.4744430916 1.4279649509 174.35362692
 356.70000000 435051.47181 6478555.0736 -301.7102204 356.61022043 0.5268118539 -3.796409452 172.34199596 4.1100000000 1.4279649509 173.29000000
 366.80000000 435051.56949 6478554.2780 -311.7782399 366.67823993 0.6244939676 -4.591991814 171.81378676 4.9971595796 2.6380418750 172.76179081
 376.90000000 435051.69342 6478553.3287 -321.8326347 376.73263473 0.7484197676 -5.541257999 171.44453899 5.8846145576 2.6380418750 172.39254303
 387.00000000 435051.84356 6478552.2260 -331.8709890 386.77098901 0.8985594785 -6.643979921 171.17178708 6.7722488047 2.6380418750 172.11979112
 397.10000000 435052.01988 6478550.9701 -341.8908908 396.79089080 1.0748770261 -7.899892624 170.96199596 7.6600000000 2.6380418750 171.91000000
 410.56666667 435052.23728 6478549.1336 -355.2298194 410.12981944 1.2922828706 -9.736415051 173.56171960 8.1360943318 1.3257149567 174.50972364
 424.03333333 435052.38444 6478547.1772 -368.5526526 423.45265263 1.4394383834 -11.69275325 175.87175325 8.6268842299 1.3257149567 176.81975729
 437.50000000 435052.46133 6478545.1013 -381.8579532 436.75795316 1.5163276909 -13.76869618 177.93199596 9.1300000000 1.3257149567 178.88000000
 450.93333333 435052.49532 6478542.9150 -395.1119612 450.01196124 1.5503193468 -15.95504799 178.37914757 9.6128370183 1.0904795443 179.32715162
 464.36666667 435052.51399 6478540.6168 -408.3470549 463.24705485 1.5689939347 -18.25322538 178.78388881 10.096194113 1.0904795443 179.73189285
 477.80000000 435052.51735 6478538.2069 -421.5622727 476.46227273 1.5723500993 -20.66306145 179.15199596 10.580000000 1.0904795443 180.10000000
 491.26666667 435052.53548 6478535.7061 -434.7944973 489.69449730 1.5904799961 -23.16390043 178.13320262 10.833546365 0.7048362278 179.08120666
 504.73333333 435052.59850 6478533.1471 -448.0154488 502.91544883 1.6534968876 -25.72291445 177.16074336 11.090285255 0.7048362278 178.10874740
 518.20000000 435052.70640 6478530.5300 -461.2247242 516.12472419 1.7613988526 -28.34002550 176.23199596 11.350000000 0.7048362278 177.18000000
 531.63333333 435052.90319 6478527.8924 -474.3948672 529.29486716 1.9581910808 -30.97757878 173.34113991 11.375424263 1.2730943713 174.28914395
 545.06666667 435053.23351 6478525.2591 -487.5631839 542.46318388 2.2885108011 -33.61089808 170.46999191 11.428887855 1.2730943713 171.41799596
 558.50000000 435053.69733 6478522.6303 -500.7283708 555.62837079 2.7523253143 -36.23972272 167.63199596 11.510000000 1.2730943713 168.58000000
 571.96666667 435054.29728 6478519.9811 -513.9180051 568.81800510 3.3522768150 -38.88885994 164.98089395 11.777138247 1.3320927263 165.92889799
 585.43333333 435055.03336 6478517.2999 -527.0942494 581.99424940 4.0883568787 -41.57006290 162.45069526 12.067687745 1.3320927263 163.39869930
 598.90000000 435055.90549 6478514.5870 -540.2556686 595.15566858 4.9604853332 -44.28303957 160.04199596 12.380000000 1.3320927263 160.99000000
 609.00000000 435056.66079 6478512.5344 -550.1158111 605.01581109 5.7157943739 -46.33557525 157.68069599 12.646394326 1.7131329848 158.62870004
 619.10000000 435057.51649 6478510.4701 -559.9652798 614.86527976 6.5714854454 -48.39989547 155.41875407 12.932715274 1.7131329848 156.36675812
 629.20000000 435058.47247 6478508.3942 -569.8030765 624.70307655 7.5274718408 -50.47579104 153.25620716 13.237669631 1.7131329848 154.20421121
 639.30000000 435059.52866 6478506.3069 -579.6282046 634.52820461 8.5836566910 -52.56305161 151.19199596 13.560000000 1.7131329848 152.14000000
 652.73333333 435061.07876 6478503.5390 -592.6812157 647.58121571 10.133759752 -55.33096587 148.43363903 13.777438779 1.5343688913 149.38164307
 666.16666667 435062.78622 6478500.8027 -605.7212417 660.62124173 11.841220544 -58.06726458 145.76498663 14.024619681 1.5343688913 146.71299068
 679.60000000 435064.65079 6478498.0984 -618.7464076 673.64640762 13.705793546 -60.77155430 143.19199596 14.300000000 1.5343688913 144.14000000
 693.06666667 435066.67844 6478495.4031 -631.7834587 686.68345875 15.733444583 -63.46690889 141.03635575 14.725039116 1.5310871490 141.98435979
 706.53333333 435068.86547 6478492.7069 -644.7945384 699.69453845 17.920473245 -66.16306296 139.00159228 15.168907358 1.5310871490 139.94959633
 720.00000000 435071.21156 6478490.0104 -657.7777746 712.67777456 20.266564839 -68.85962854 137.08199596 15.630000000 1.5310871490 138.03000000
 730.10000000 435073.11658 6478487.9901 -667.4881535 722.38815347 22.171575880 -70.87991356 134.44068330 16.305643634 2.9466662643 135.38868734
 740.20000000 435075.19295 6478485.9746 -677.1643142 732.06431424 24.247951035 -72.89540207 132.00841263 17.011524226 2.9466662643 132.95641667
 750.30000000 435077.44007 6478483.9645 -686.8033561 741.70335614 26.495067841 -74.90548984 129.76781378 17.744031310 2.9466662643 130.71581782
 760.40000000 435079.85725 6478481.9604 -696.4023896 751.30238956 28.912252652 -76.90957430 127.70199596 18.500000000 2.9466662643 128.65000000
 770.47500000 435082.43522 6478479.9675 -705.9353996 760.83539962 31.490220600 -78.90246586 125.84932177 19.258447765 2.8784185742 126.79732582
 780.55000000 435085.17705 6478477.9811 -715.4239012 770.32390118 34.232050478 -80.88890326 124.13338243 20.034178224 2.8784185742 125.08138647
 790.62500000 435088.08196 6478476.0017 -724.8651934 779.76519341 37.136961844 -82.86832106 122.54146705 20.825257789 2.8784185742 123.48947110
 800.70000000 435091.14913 6478474.0298 -734.2565889 789.15658892 40.204127832 -84.84015585 121.06199596 21.630000000 2.8784185742 122.01000000
 810.80000000 435094.36547 6478472.0710 -743.6276592 798.52765919 43.420465492 -86.79896592 119.74197119 22.172995595 2.1771337164 120.68997523
 820.90000000 435097.70249 6478470.1403 -752.9622597 807.86225970 46.757489165 -88.72970516 118.48248769 22.726134243 2.1771337164 119.43049173
 831.00000000 435101.15965 6478468.2379 -762.2588628 817.15886281 50.214652740 -90.63205759 117.28022621 23.288691646 2.1771337164 118.22823025
 841.10000000 435104.73639 6478466.3643 -771.5159471 826.41594714 53.791390447 -92.50571189 116.13199596 23.860000000 2.1771337164 117.08000000
 851.20000000 435108.43947 6478464.5056 -780.7262005 835.62620047 57.494466891 -94.36441282 115.29134080 24.598750112 2.4217427519 116.23934484
 861.30000000 435112.27553 6478462.6481 -789.8820801 844.78208012 61.330529260 -96.22185946 114.49687528 25.341912333 2.4217427519 115.44487932
 871.40000000 435116.24380 6478460.7923 -798.9817321 853.88173213 65.298800785 -98.07767570 113.74487983 26.089108352 2.4217427519 114.69288387
 881.50000000 435120.34348 6478458.9385 -808.0233139 862.92331390 69.398477929 -99.93148576 113.03199596 26.840000000 2.4217427519 113.98000000
 894.93333333 435125.81411 6478456.4514 -820.0363690 874.93636895 74.869110681 -102.4186412 113.97707893 26.330115350 1.4794332638 114.92508298
 908.36666667 435131.14607 6478453.9184 -832.1021194 887.00211937 80.201069064 -104.9516288 114.95655112 25.826653794 1.4794332638 115.90455516
 921.80000000 435136.33864 6478451.3399 -844.2189522 899.11895222 85.393640306 -107.5301100 115.97199596 25.330000000 1.4794332638 116.92000000
 931.90000000 435140.13108 6478449.3945 -853.3747535 908.27475354 89.186075057 -109.4755238 116.45159350 24.612437968 2.2145761467 117.39959755
 942.00000000 435143.80492 6478447.4698 -862.5831775 917.48317748 92.859920518 -111.4001939 116.95812136 23.896481376 2.2145761467 117.90612541
 952.10000000 435147.35955 6478445.5662 -871.8426648 926.74266478 96.414554604 -113.3037945 117.49401375 23.182279454 2.2145761467 118.44201779
 962.20000000 435150.79438 6478443.6840 -881.1516475 936.05164755 99.849375415 -115.1860033 118.06199596 22.470000000 2.2145761467 119.01000000
 972.30000000 435154.10998 6478441.8186 -890.5071532 945.40715319 103.16497804 -117.0514412 118.77858930 21.802256620 2.1393863269 119.72659334
 982.40000000 435157.30700 6478439.9653 -899.9062718 954.80627181 106.36200250 -118.9047459 119.53808304 21.137789021 2.1393863269 120.48608709
 992.50000000 435160.38494 6478438.1244 -909.3475181 964.24751812 109.43994360 -120.7456246 120.34441864 20.476916726 2.1393863269 121.29242268
 1002.6000000 435163.34331 6478436.2962 -918.8294001 973.72940014 112.39831493 -122.5737865 121.20199596 19.820000000 2.1393863269 122.15000000
 1012.7000000 435166.19320 6478434.4995 -928.3504765 983.25047648 115.24819521 -124.3705207 121.36418290 19.164754531 1.9528989597 122.31218694
 1022.8000000 435168.94573 6478432.7528 -937.9094670 992.80946696 118.00072992 -126.1171528 121.53740583 18.509661113 1.9528989597 122.48540987
 1032.9000000 435171.60056 6478431.0565 -947.5051129 1002.4051129 120.65555661 -127.8134528 121.72287788 17.854736502 1.9528989597 122.67088192
 1043.0000000 435174.15733 6478429.4108 -957.1361507 1012.0361507 123.21232569 -129.4591973 121.92199596 17.200000000 1.9528989597 122.87000000
 1056.4333333 435177.42219 6478427.2982 -969.9937950 1024.8937950 126.47718997 -131.5717973 121.99505817 16.466637697 1.6384629736 122.94306222
 1069.8666667 435180.54598 6478425.2710 -982.9001756 1037.8001756 129.60097645 -133.5990134 122.07473471 15.733303013 1.6384629736 123.02273875
 1083.3000000 435183.52817 6478423.3295 -995.8531765 1050.7531765 132.58317295 -135.5405133 122.16199596 15.000000000 1.6384629736 123.11000000
 1093.4000000 435185.78009 6478421.8943 -1005.593439 1060.4934386 134.83509046 -136.9756996 120.98737674 15.674526971 2.2057618940 121.93538078
 1103.5000000 435188.15790 6478420.4438 -1015.301433 1070.2014335 137.21289652 -138.4262291 119.90773559 16.354812321 2.2057618940 120.85573963
 1113.6000000 435190.66119 6478418.9781 -1024.975530 1079.8755302 139.71619171 -139.8918581 118.91236073 17.040166035 2.2057618940 119.86036477
 1123.7000000 435193.28956 6478417.4977 -1034.614104 1089.5141039 142.34455549 -141.3723405 117.99199596 17.730000000 2.2057618940 118.94000000
 1133.8000000 435196.07261 6478416.0053 -1044.207192 1099.1071925 145.12760744 -142.8647286 116.55411180 18.726530627 3.2473040586 117.50211584
 1143.9000000 435199.03957 6478414.5041 -1053.743590 1108.6435897 148.09457128 -144.3658775 115.25723613 19.732959152 3.2473040586 116.20524017
 1154.0000000 435202.18937 6478412.9948 -1063.219824 1118.1198236 151.24436680 -145.8752405 114.08193413 20.747843674 3.2473040586 115.02993818
 1164.1000000 435205.52085 6478411.4777 -1072.632444 1127.5324440 154.57584726 -147.3922683 113.01199596 21.770000000 3.2473040586 113.96000000
 1174.1750000 435209.02908 6478409.9581 -1081.953122 1136.8531220 158.08408118 -148.9118936 111.95691389 22.851263050 3.4333260502 112.90491793
 1184.2500000 435212.72591 6478408.4335 -1091.199740 1146.0997395 161.78091499 -150.4365348 110.99253823 23.938881914 3.4333260502 111.94054228
 1194.3250000 435216.60985 6478406.9044 -1100.368552 1155.2685520 165.66485159 -151.9655745 110.10744927 25.032026077 3.4333260502 111.05545332
 1204.4000000 435220.67932 6478405.3716 -1109.455846 1164.3558463 169.73431812 -153.4983933 109.29199596 26.130000000 3.4333260502 110.24000000
 1214.5000000 435224.92297 6478403.8307 -1118.489707 1173.3897073 173.97796596 -155.0393328 108.73405830 26.994576570 2.6728114627 109.68206234
 1224.6000000 435229.30918 6478402.2847 -1127.454306 1182.3543062 178.36417545 -156.5852793 108.20826354 27.861224040 2.6728114627 109.15626759
 1234.7000000 435233.83686 6478400.7341 -1136.347432 1191.2474318 182.89186474 -158.1358515 107.71175518 28.729754070 2.6728114627 108.65975922
 1244.8000000 435238.50492 6478399.1793 -1145.166891 1200.0668906 187.55991705 -159.6906669 107.24199596 29.600000000 2.6728114627 108.19000000
 1258.2666667 435244.85705 6478397.0547 -1156.848271 1211.7482707 193.91204814 -161.8153175 107.84559243 30.077362416 1.2563729187 108.79359648
 1271.7333333 435251.27876 6478394.8324 -1168.473261 1223.3732608 200.33375558 -164.0376395 108.43202135 30.557404177 1.2563729187 109.38002539
 1285.2000000 435257.76942 6478392.5126 -1180.040734 1234.9407344 206.82441718 -166.3574175 109.00199596 31.040000000 1.2563729187 109.95000000
 1295.3000000 435262.61153 6478390.7304 -1188.722214 1243.6222140 211.66653040 -168.1395859 109.51955961 30.426687265 1.9838931545 110.46756365
 1305.4000000 435267.35004 6478388.9367 -1197.458353 1252.3583530 216.40503934 -169.9332817 110.05630602 29.815491878 1.9838931545 111.00431006
 1315.5000000 435271.98430 6478387.1317 -1206.247964 1261.1479642 221.03930007 -171.7382612 110.61337636 29.206547834 1.9838931545 111.56138040
 1325.6000000 435276.51368 6478385.3157 -1215.089853 1269.9898533 225.56868286 -173.5542790 111.19199596 28.600000000 1.9838931545 112.14000000
 1335.6750000 435280.91349 6478383.4974 -1223.968102 1278.8681019 229.96849308 -175.3726253 111.82860161 27.820106920 2.4891119156 112.77660566
 1345.7500000 435285.18099 6478381.6765 -1232.910229 1287.8102287 234.23599121 -177.1935135 112.49885247 27.043287777 2.4891119156 113.44685651
 1355.8250000 435289.31527 6478379.8534 -1241.914330 1296.8143302 238.37026890 -179.0165561 113.20559827 26.269816755 2.4891119156 114.15360231
 1365.9000000 435293.31545 6478378.0286 -1250.978490 1305.8784899 242.37044615 -180.8413650 113.95199596 25.500000000 2.4891119156 114.90000000
 1376.0000000 435297.33812 6478376.1644 -1260.052402 1314.9524025 246.39312028 -182.7055984 113.88236631 26.597456404 3.2610359519 114.83037035
 1386.1000000 435301.51995 6478374.2323 -1269.039702 1323.9397017 250.57494879 -184.6376532 113.81786832 27.694944187 3.2610359519 114.76587237
 1396.2000000 435305.85940 6478372.2332 -1277.937088 1332.8370877 254.91439627 -186.6368201 113.75791255 28.792459745 3.2610359519 114.70591660
 1406.3000000 435310.35487 6478370.1676 -1286.741294 1341.6412939 259.40986947 -188.7023649 113.70199596 29.890000000 3.2610359519 114.65000000
 1419.7333333 435316.48145 6478367.3755 -1298.364162 1353.2641616 265.53644934 -191.4944848 113.40501812 30.292687401 0.9588087438 114.35302217
 1433.1666667 435322.69663 6478364.5814 -1309.939367 1364.8393671 271.75163493 -194.2886365 113.11510690 30.696029291 0.9588087438 114.06311095
 1446.6000000 435329.00008 6478361.7853 -1321.466260 1376.3662603 278.05507724 -197.0846631 112.83199596 31.100000000 0.9588087438 113.78000000
 1460.0666667 435335.39438 6478358.9850 -1332.980927 1387.8809272 284.44937918 -199.8850272 112.57475133 31.369498839 0.6698856051 113.52275537
 1473.5333333 435341.85076 6478356.1916 -1344.462590 1399.3625898 290.90576003 -202.6783639 112.32144930 31.639503156 0.6698856051 113.26945334
 1487.0000000 435348.36904 6478353.4054 -1355.910932 1410.8109318 297.42404195 -205.4645964 112.07199596 31.910000000 0.6698856051 113.02000000
 1507.1500000 435358.16986 6478349.2412 -1373.014923 1427.9149230 307.22485809 -209.6288303 112.07199596 31.920000000 0.0148883375 113.02000000
 1527.3000000 435367.97342 6478345.0758 -1390.117055 1445.0170548 317.02842048 -213.7942311 112.07199596 31.930000000 0.0148883375 113.02000000
 1540.7666667 435374.56573 6478342.3232 -1401.531065 1456.4310652 323.62072775 -216.5467592 111.35907033 32.172752332 1.0013927008 112.30707438
 1554.2333333 435381.23669 6478339.6342 -1412.914446 1467.8144463 330.29169117 -219.2358027 110.65576046 32.419449094 1.0013927008 111.60376451
 1567.7000000 435387.98590 6478337.0088 -1424.266497 1479.1664973 337.04090013 -221.8611959 109.96199596 32.670000000 1.0013927008 110.91000000
 1581.1333333 435394.81200 6478334.4752 -1435.553695 1490.4536947 343.86699556 -224.3947575 108.87255669 33.000800969 1.5119759984 109.82056074
 1594.5666667 435401.74686 6478332.0490 -1446.798051 1501.6980510 350.80186151 -226.8210203 107.80258387 33.340895883 1.5119759984 108.75058792
 1608.0000000 435408.78953 6478329.7304 -1457.997996 1512.8979961 357.84452969 -229.1396454 106.75199596 33.690000000 1.5119759984 107.70000000
 1621.4666667 435415.93049 6478327.4872 -1469.191144 1524.0911441 364.98548923 -231.3827672 106.23041676 33.871168669 0.7617516754 107.17842080
 1634.9333333 435423.12550 6478325.2986 -1480.360417 1535.2604171 372.18049536 -233.5714463 105.71375767 34.054513809 0.7617516754 106.66176171
 1648.4000000 435430.37429 6478323.1644 -1491.505417 1546.4054172 379.42929180 -235.7056047 105.20199596 34.240000000 0.7617516754 106.15000000
 1661.8666667 435437.69060 6478321.1156 -1502.622214 1557.5222141 386.74560059 -237.7543846 104.19274799 34.481865412 1.3786003197 105.14075204
 1675.3333333 435445.08774 6478319.1832 -1513.706278 1568.6062782 394.14274497 -239.6868222 103.19603747 34.731924796 1.3786003197 104.14404151
 1688.8000000 435452.56486 6478317.3673 -1524.756317 1579.6563166 401.61986202 -241.5026919 102.21199596 34.990000000 1.3786003197 103.16000000
 1702.2333333 435460.09968 6478315.6479 -1535.741847 1590.6418474 409.15468336 -243.2220990 101.60324075 35.283686194 1.0209629067 102.55124480
 1715.6666667 435467.70741 6478313.9961 -1546.687400 1601.5874000 416.76241191 -244.8739201 101.00328591 35.580378103 1.0209629067 101.95128995
 1729.1000000 435475.38756 6478312.4119 -1557.592277 1612.4922775 424.44256332 -246.4580502 100.41199596 35.880000000 1.0209629067 101.36000000
 1742.5666667 435483.11479 6478310.8124 -1568.502745 1623.4027451 432.16978743 -248.0576188 101.08251446 35.892944087 0.8760672869 102.03051850
 1756.0333333 435490.82552 6478309.1219 -1579.411172 1634.3111724 439.88052296 -249.7480790 101.75255428 35.909612510 0.8760672869 102.70055833
 1769.5000000 435498.51941 6478307.3406 -1590.317045 1645.2170455 447.57440664 -251.5293510 102.42199596 35.930000000 0.8760672869 103.37000000
 1782.9333333 435506.17863 6478305.4872 -1601.194165 1656.0941654 455.23363283 -253.3827933 102.88880568 35.934860258 0.6118680562 103.83680972
 1796.3666667 435513.82357 6478303.5712 -1612.070492 1666.9704922 462.87856718 -255.2988338 103.35548585 35.941527266 0.6118680562 104.30348989
 1809.8000000 435521.45403 6478301.5926 -1622.945777 1677.8457773 470.50903488 -257.2774288 103.82199596 35.950000000 0.6118680562 104.77000000
 1823.2666667 435529.08349 6478299.5460 -1633.850364 1688.7503639 478.13848938 -259.3240242 104.31436986 35.907983737 0.6503943039 105.26237391
 1836.7333333 435536.68754 6478297.4359 -1644.760604 1699.6606036 485.74253639 -261.4340859 104.80771812 35.867981451 0.6503943039 105.75572217
 1850.2000000 435544.26598 6478295.2624 -1655.676213 1710.5762131 493.32097849 -263.6075591 105.30199596 35.830000000 0.6503943039 106.25000000
 1863.6666667 435551.81537 6478292.9826 -1666.590178 1721.4901779 500.87036895 -265.8874254 106.40914064 35.893225854 1.4517302591 107.35714469
 1877.1333333 435559.33174 6478290.5535 -1677.494731 1732.3947313 508.38674195 -268.3165037 107.51264476 35.966580142 1.4517302591 108.46064880
 1890.6000000 435566.81413 6478287.9755 -1688.388463 1743.2884626 515.86912518 -270.8944800 108.61199596 36.050000000 1.4517302591 109.56000000
 1904.0333333 435574.26770 6478285.2804 -1699.232351 1754.1323506 523.32270301 -273.5896428 109.24945645 36.296678995 1.0047418478 110.19746050
 1917.4666667 435581.73496 6478282.4865 -1710.041768 1764.9417685 530.78995506 -276.3835183 109.87943727 36.546702117 1.0047418478 110.82744132
 1930.9000000 435589.21542 6478279.5941 -1720.816050 1775.7160498 538.27042093 -279.2759343 110.50199596 36.800000000 1.0047418478 111.45000000
 1944.3666667 435596.68496 6478276.6101 -1731.614521 1786.5145213 545.73996304 -282.2598821 111.15534936 36.583043133 0.9949391684 112.10335341
 1957.8333333 435604.08229 6478273.5562 -1742.443133 1797.3431330 553.13729339 -285.3137510 111.81534754 36.369688161 0.9949391684 112.76335158
 1971.3000000 435611.40696 6478270.4326 -1753.301227 1808.2012271 560.46196252 -288.4373553 112.48199596 36.160000000 0.9949391684 113.43000000
 1991.5000000 435622.31608 6478265.6882 -1769.623671 1824.5236707 571.37107580 -293.1818195 112.63152803 36.029906599 0.2333369401 113.57953208
 2011.7000000 435633.17879 6478260.9300 -1785.973073 1840.8730733 582.23379159 -297.9399608 112.78199596 35.900000000 0.2333369401 113.73000000
 2025.1333333 435640.35147 6478257.7604 -1796.877974 1851.7779736 589.40646901 -301.1096158 113.00489331 35.559578756 0.8139238290 113.95289735
 2038.5666667 435647.45243 6478254.5891 -1807.829261 1862.7292612 596.50742912 -304.2809303 113.23152459 35.219574625 0.8139238290 114.17952863
 2052.0000000 435654.48138 6478251.4162 -1818.826493 1873.7264930 603.53638459 -307.4537762 113.46199596 34.880000000 0.8139238290 114.41000000
 2065.4666667 435661.46392 6478248.2820 -1829.904837 1884.8048366 610.51891735 -310.5880052 112.98676328 34.418092148 1.1921122502 113.93476733
 2078.9333333 435668.39069 6478245.2424 -1841.044421 1895.9444209 617.44569015 -313.6276242 112.50023749 33.958065952 1.1921122502 113.44824153
 2092.4000000 435675.26110 6478242.2976 -1852.244274 1907.1442740 624.31609877 -316.5723679 112.00199596 33.500000000 1.1921122502 112.95000000
 2105.8333333 435682.06422 6478239.4617 -1863.473258 1918.3732576 631.11922404 -319.4082992 111.35677608 33.079890443 1.2270810589 112.30478012
 2119.2666667 435688.82300 6478236.7342 -1874.755787 1929.6557866 637.87800211 -322.1358236 110.69692534 32.663179354 1.2270810589 111.64492939
 2132.7000000 435695.53681 6478234.1153 -1886.090824 1940.9908235 644.59181143 -324.7546906 110.02199596 32.250000000 1.2270810589 110.97000000
 2146.1333333 435702.26619 6478231.5983 -1897.439719 1952.3397194 651.32119050 -327.2716515 109.09869550 32.443376830 1.1847355091 110.04669954
 2159.5666667 435709.07170 6478229.1765 -1908.763871 1963.6638713 658.12670451 -329.6934777 108.18531428 32.643417850 1.1847355091 109.13331832
 2173.0000000 435715.95277 6478226.8500 -1920.062309 1974.9623085 665.00777001 -332.0199616 107.28199596 32.850000000 1.1847355091 108.23000000
 2183.1000000 435721.17123 6478225.1852 -1928.546666 1983.4466656 670.22622515 -333.6847619 106.20987560 32.863817445 1.7282058658 107.15787964
 2193.2000000 435726.42251 6478223.6176 -1937.029264 1991.9292637 675.47751173 -335.2524497 105.13881969 32.886770744 1.7282058658 106.08682374
 2203.3000000 435731.70609 6478222.1471 -1945.509228 2000.4092282 680.76108824 -336.7228635 104.06935325 32.918840567 1.7282058658 105.01735730
 2213.4000000 435737.02141 6478220.7741 -1953.985685 2008.8856847 686.07640985 -338.0958515 103.00199596 32.960000000 1.7282058658 103.95000000
 2226.8333333 435744.12892 6478219.0621 -1965.253705 2020.1537054 693.18392015 -339.8079187 102.18956852 33.011427844 0.9944370968 103.13757256
 2240.2666667 435751.27032 6478217.4485 -1976.514821 2031.4148215 700.32532151 -341.4215205 101.37949694 33.068103592 0.9944370968 102.32750099
 2253.7000000 435758.44518 6478215.9334 -1987.768353 2042.6683527 707.50018258 -342.9365595 100.57199596 33.130000000 0.9944370968 101.52000000
 2267.1666667 435765.66296 6478214.5227 -1999.047787 2053.9477870 714.71796246 -344.3472808 99.649872342 33.099862285 1.1242684608 100.59787639
 2280.6333333 435772.89735 6478213.2294 -2010.330654 2065.2306537 721.95234573 -345.6406458 98.726427604 33.076524095 1.1242684608 99.674431648
 2294.1000000 435780.14777 6478212.0534 -2021.616077 2076.5160772 729.20277110 -346.8165541 97.801995956 33.060000000 1.1242684608 98.750000000
 2307.5333333 435787.40404 6478211.0079 -2032.870791 2087.7707907 736.45904168 -347.8620932 96.701317536 33.120377047 1.3487574071 97.649321580
 2320.9666667 435794.69173 6478210.1001 -2044.117151 2099.0171506 743.74672925 -348.7698685 95.604471870 33.190397582 1.3487574071 96.552475914
 2334.4000000 435802.01002 6478209.3302 -2055.353907 2110.2539074 751.06502411 -349.5397789 94.511995956 33.270000000 1.3487574071 95.460000000
 2347.8666667 435809.37122 6478208.6600 -2066.608960 2121.5089600 758.42621568 -350.2099746 93.996766024 33.337884931 0.6481172826 94.944770068
 2361.3333333 435816.75161 6478208.0548 -2077.855107 2132.7551067 765.80661461 -350.8151751 93.483417575 33.407889416 0.6481172826 94.431421619
 2374.8000000 435824.15103 6478207.5146 -2089.092057 2143.9920574 773.20603061 -351.3553649 92.971995956 33.480000000 0.6481172826 93.920000000
 2395.0000000 435835.26478 6478206.7959 -2105.942001 2160.8420010 784.31978294 -352.0740787 92.532170226 33.464222814 0.3610242297 93.480174270
 2415.2000000 435846.37932 6478206.1628 -2122.794861 2177.6948607 795.43432360 -352.7071730 92.091995956 33.450000000 0.3610242297 93.040000000
 2428.6666667 435853.78641 6478205.7934 -2134.033678 2188.9336781 802.84140982 -353.0766274 91.722782874 33.408902757 0.4622816905 92.670786918
 2442.1333333 435861.18778 6478205.4721 -2145.277743 2200.1777433 810.24277954 -353.3979468 91.352776653 33.368901426 0.4622816905 92.300780697
 2455.6000000 435868.58334 6478205.1989 -2156.526909 2211.4269087 817.63833566 -353.6711270 90.981995956 33.330000000 0.4622816905 91.930000000
 2469.0666667 435875.95233 6478204.9489 -2167.794040 2222.6940398 825.00732943 -353.9211296 91.008319476 33.089994355 0.5356298732 91.956323520
 2482.5333333 435883.27399 6478204.6971 -2179.091968 2233.9919681 832.32899038 -354.1729157 91.034983610 32.849994313 0.5356298732 91.982987654
 2496.0000000 435890.54819 6478204.4435 -2190.420495 2245.3204946 839.60318957 -354.4264810 91.061995956 32.610000000 0.5356298732 92.010000000
 2509.4333333 435897.75811 6478204.2242 -2201.751264 2256.6512642 846.81310905 -354.6458481 90.525761060 32.371016693 0.8358471258 91.473765104
 2522.8666667 435904.92270 6478204.0737 -2213.111889 2268.0118894 853.97770479 -354.7962966 89.982457174 32.134332785 0.8358471258 90.930461218
 2536.3000000 435912.04167 6478203.9922 -2224.501886 2279.4018856 861.09667110 -354.8778200 89.431995956 31.900000000 0.8358471258 90.380000000
 2549.7666667 435919.14062 6478204.0126 -2235.943860 2290.8438603 868.19561639 -354.8574234 88.340575393 31.753913148 1.3228427787 89.288579437
 2563.2333333 435926.20963 6478204.1681 -2247.403328 2302.3033275 875.26462803 -354.7018847 87.240416662 31.617205366 1.3228427787 88.188420706
 2576.7000000 435933.24795 6478204.4588 -2258.879056 2313.7790562 882.30294673 -354.4112209 86.131995956 31.490000000 1.3228427787 87.080000000
 2590.1666667 435940.25792 6478204.8665 -2270.368604 2325.2686041 889.31292257 -354.0034801 85.313100934 31.391417863 0.9765758041 86.261104978
 2603.6333333 435947.24214 6478205.3733 -2281.869902 2336.7699017 896.29713688 -353.4967093 84.489698156 31.298068732 0.9765758041 85.437702200
 2617.1000000 435954.20018 6478205.9791 -2293.382276 2348.2822757 903.25518080 -352.8909381 83.661995956 31.210000000 0.9765758041 84.610000000
 2637.2500000 435964.59479 6478206.9887 -2310.612444 2365.5124441 913.64978537 -351.8812980 83.346633549 31.249615968 0.2504772436 84.294637593
 2657.4000000 435974.99564 6478208.0567 -2327.835315 2382.7353147 924.05064130 -350.8132978 83.031995956 31.290000000 0.2504772436 83.980000000
 2670.8666667 435981.95668 6478208.7522 -2339.340819 2394.2408192 931.01167538 -350.1177890 83.660201254 31.330285583 0.7327752951 84.608205298
 2684.3333333 435988.93327 6478209.3722 -2350.841213 2405.7412135 937.98826728 -349.4978103 84.286902201 31.373623165 0.7327752951 85.234906244
 2697.8000000 435995.92519 6478209.9166 -2362.336119 2417.2361186 944.98018706 -348.9533822 84.911995956 31.420000000 0.7327752951 85.860000000
 2711.2666667 436002.90938 6478210.4505 -2373.836227 2428.7362269 951.96437722 -348.4195116 84.448822894 31.288318608 0.6117974403 85.396826938
 2724.7333333 436009.86283 6478211.0388 -2385.352307 2440.2523072 958.91782697 -347.8312017 83.982155812 31.158311528 0.6117974403 84.930159856
 2738.2000000 436016.78538 6478211.6815 -2396.884095 2451.7840950 965.84037655 -347.1884660 83.511995956 31.030000000 0.6117974403 84.460000000
 2750.6333333 436023.14432 6478212.3598 -2407.545316 2462.4453159 972.19931708 -346.5101776 82.412961735 30.903940205 1.3979536538 83.360965779
 2763.0666667 436029.46661 6478213.1576 -2418.220067 2473.1200671 978.52160527 -345.7124350 81.306120940 30.787237636 1.3979536538 82.254124984
 2775.5000000 436035.75159 6478214.0747 -2428.907257 2483.8072569 984.80659465 -344.7953198 80.191995956 30.680000000 1.3979536538 81.140000000
 2782.4650000 436039.26015 6478214.6272 -2434.897839 2489.7978392 988.31515328 -344.2427587 80.012075433 30.664875961 0.4006622481 80.960079476
 2789.4300000 436042.76541 6478215.1906 -2440.889351 2495.7893514 991.82041060 -343.6794267 79.831995956 30.650000000 0.4006622481 80.780000000
 2802.8100000 436049.49659 6478216.3255 -2452.395625 2507.2956254 998.55159149 -342.5445116 79.132082653 30.726271549 0.8189714847 80.080086697
 2816.1900000 436056.22887 6478217.5452 -2463.892575 2518.7925755 1005.2838703 -341.3248472 78.435373856 30.806281314 0.8189714847 79.383377899
 2829.5700000 436062.96197 6478218.8495 -2475.379734 2530.2797343 1012.0169735 -340.0204829 77.741995956 30.890000000 0.8189714847 78.690000000
 2848.2250000 436072.33781 6478220.7753 -2491.390012 2546.2900119 1021.3928059 -338.0946510 77.147256497 30.873639259 0.4916082600 78.095260541
 2866.8800000 436081.68904 6478222.7976 -2507.402796 2562.3027959 1030.7440376 -336.0724432 76.551995956 30.860000000 0.4916082600 77.500000000
 2885.6450000 436091.10169 6478224.9056 -2523.496830 2578.3968304 1040.1566875 -333.9644234 76.305787565 31.029768625 0.3385732431 77.253791609
 2904.4100000 436100.55173 6478227.0644 -2539.562164 2594.4621643 1049.6067325 -331.8055529 76.061995956 31.200000000 0.3385732431 77.010000000
 2908.8600000 436102.80712 6478227.5880 -2543.361878 2598.2618782 1051.8621182 -331.2820098 75.905540835 31.529906555 2.2908405516 76.853544878
 2913.3100000 436105.08234 6478228.1226 -2547.148189 2602.0481890 1054.1373391 -330.7473721 75.751995956 31.860000000 2.2908405516 76.700000000
 2920.4900000 436108.78180 6478229.0015 -2553.237836 2608.1378358 1057.8368046 -329.8685450 75.626092404 32.119938602 1.1212798782 76.574096448
 2927.6700000 436112.50617 6478229.8948 -2559.310159 2614.2101591 1061.5611683 -328.9752153 75.501995956 32.380000000 1.1212798782 76.450000000
 2936.6333333 436117.18759 6478231.0954 -2566.857710 2621.7577097 1066.2425895 -327.7745648 73.844643299 32.909103187 3.4768754922 74.792647342
 2945.5966667 436121.90100 6478232.4486 -2574.359373 2629.2593727 1070.9560050 -326.4213948 72.234842320 33.459450728 3.4768754922 73.182846364
 2954.5600000 436126.64487 6478233.9539 -2581.812682 2636.7126822 1075.6998654 -324.9161499 70.671995956 34.030000000 3.4768754922 71.620000000
 2962.6920000 436130.95746 6478235.4771 -2588.535286 2643.4352859 1080.0124639 -323.3929495 68.537503949 34.456346841 4.7016224963 69.485507993
 2970.8240000 436135.25941 6478237.1772 -2595.222179 2650.1221794 1084.3144070 -321.6928160 66.450727982 34.918973584 4.7016224963 67.398732026
 2978.9560000 436139.54857 6478239.0534 -2601.870054 2656.7700542 1088.6035661 -319.8165906 64.413438104 35.416438473 4.7016224963 65.361442148
 2987.0880000 436143.82282 6478241.1048 -2608.475621 2663.3756213 1092.8778193 -317.7652016 62.426917339 35.947273525 4.7016224963 63.374921383
 2995.2200000 436148.08005 6478243.3303 -2615.035613 2669.9356126 1097.1350518 -315.5396638 60.491995956 36.510000000 4.7016224963 61.440000000
 3005.5200000 436153.42044 6478246.3355 -2623.312722 2678.2127221 1102.4754407 -312.5345155 58.877939178 36.542541667 2.7996202981 59.825943222
 3015.8200000 436158.67952 6478249.4930 -2631.585185 2686.4851851 1107.7345172 -309.3770441 57.267177753 36.596793978 2.7996202981 58.215181797
 3026.1200000 436163.85580 6478252.8019 -2639.850674 2694.7506735 1112.9108013 -306.0681382 55.661334235 36.672658830 2.7996202981 56.609338279
 3036.4200000 436168.94784 6478256.2613 -2648.106861 2703.0068612 1118.0028362 -302.6087291 54.061995956 36.770000000 2.7996202981 55.010000000
 3046.4925000 436173.84515 6478259.7986 -2656.164816 2711.0648163 1122.9001479 -299.0714122 52.365101403 36.974586270 3.0931265410 53.313105447
 3056.5650000 436178.66021 6478263.4972 -2664.199868 2719.0998682 1127.7152112 -295.3727960 50.685156323 37.203084613 3.0931265410 51.633160366
 3066.6375000 436183.39144 6478267.3559 -2672.209377 2727.1093772 1132.4464440 -291.5140956 49.023664260 37.455048991 3.0931265410 49.971668304
 3076.7100000 436188.03729 6478271.3734 -2680.190712 2735.0907120 1137.0922921 -287.4965787 47.381995956 37.730000000 3.0931265410 48.330000000
 3086.8200000 436192.60594 6478275.5237 -2688.196149 2743.0961490 1141.6609421 -283.3463462 46.214778995 37.557481156 2.1763992429 47.162783039
 3096.9300000 436197.07184 6478279.7504 -2696.219522 2751.1195217 1146.1268351 -279.1195855 45.038694421 37.396540905 2.1763992429 45.986698465
 3107.0400000 436201.43424 6478284.0530 -2704.259515 2759.1595153 1150.4892394 -274.8169893 43.854253036 37.247332403 2.1763992429 44.802257080
 3117.1500000 436205.69244 6478288.4307 -2712.314812 2767.2148124 1154.7474401 -270.4392628 42.661995956 37.110000000 2.1763992429 43.610000000
 3125.2180000 436208.98310 6478291.9899 -2718.762912 2773.6629124 1158.0381019 -266.8800804 40.945724246 36.782709205 4.0241833129 41.893728290
 3133.2860000 436212.14157 6478295.6200 -2725.237562 2780.1375617 1161.1965689 -263.2500021 39.204045421 36.480443688 4.0241833129 40.152049465
 3141.3540000 436215.16671 6478299.3197 -2731.736450 2786.6364505 1164.2217145 -259.5503229 37.438409276 36.203841904 4.0241833129 38.386413320
 3149.4220000 436218.05746 6478303.0876 -2738.257260 2793.1572600 1167.1124593 -255.7823628 35.650452805 35.953506787 4.0241833129 36.598456849
 3157.4900000 436220.81277 6478306.9225 -2744.797664 2799.6976640 1169.8677720 -251.9474660 33.841995956 35.730000000 4.0241833129 34.790000000
 3167.3775000 436224.03080 6478311.6792 -2752.844787 2807.7447869 1173.0857968 -247.1908333 32.414301463 35.321230975 2.8059774134 33.362305507
 3177.2650000 436227.09772 6478316.4678 -2760.931849 2815.8318488 1176.1527220 -242.4021722 30.958182354 34.929580841 2.8059774134 31.906186398
 3187.1525000 436230.01275 6478321.2873 -2769.056743 2823.9567428 1179.0677487 -237.5827301 29.473936883 34.555640686 2.8059774134 30.421940927
 3197.0400000 436232.77512 6478326.1362 -2777.217352 2832.1173522 1181.8301174 -232.7337626 27.961995956 34.200000000 2.8059774134 28.910000000
 3206.9975000 436235.38012 6478331.0306 -2785.486917 2840.3869173 1184.4351202 -227.8393976 26.173749455 33.505853646 3.6578437867 27.121753499
 3216.9550000 436237.78474 6478335.9168 -2793.821823 2848.7218226 1186.8397421 -222.9532475 24.320143972 32.838343462 3.6578437867 25.268148016
 3226.9125000 436239.98790 6478340.7925 -2802.218326 2857.1183257 1189.0429033 -218.0775061 22.399869673 32.199146266 3.6578437867 23.347873717
 3236.8700000 436241.98861 6478345.6556 -2810.672657 2865.5726565 1191.0436146 -213.2143627 20.411995956 31.590000000 3.6578437867 21.360000000
 3242.5100000 436243.03921 6478348.3945 -2815.489111 2870.3891112 1192.0942136 -210.4755179 19.659750417 31.115438751 3.2719925804 20.607754461
 3248.1500000 436244.03951 6478351.1097 -2820.329593 2875.2295934 1193.0945130 -207.7602720 18.886673647 30.645368185 3.2719925804 19.834677691
 3253.7900000 436244.98940 6478353.8011 -2825.193545 2880.0935451 1194.0443975 -205.0689378 18.091995956 30.180000000 3.2719925804 19.040000000
 3261.9733333 436246.29198 6478357.6609 -2832.289955 2887.1899553 1195.3469778 -201.2090629 17.300193452 29.555013556 2.7090497695 18.248197496
 3270.1566667 436247.51637 6478361.4652 -2839.430227 2894.3302271 1196.5713718 -197.4048281 16.477453297 28.934905968 2.7090497695 17.425457341
 3278.3400000 436248.66238 6478365.2131 -2846.613173 2901.5131728 1197.7173758 -193.6568663 15.621995956 28.320000000 2.7090497695 16.570000000
 3288.5000000 436250.11328 6478369.8581 -2855.530868 2910.4308683 1199.1682761 -189.0118518 17.159769734 28.943358930 2.8497746958 18.107773778
 3298.6600000 436251.71754 6478374.5561 -2864.394334 2919.2943345 1200.7725431 -184.3138538 18.637425270 29.583516954 2.8497746958 19.585429314
 3308.8200000 436253.47472 6478379.3058 -2873.201056 2928.1010564 1202.5297216 -179.5642054 20.057356719 30.239400088 2.8497746958 21.005360763
 3318.9800000 436255.38431 6478384.1057 -2881.948535 2936.8485353 1204.4393130 -174.7642542 21.421995956 30.910000000 2.8497746958 22.370000000
 3329.0375000 436257.43746 6478388.9246 -2890.533035 2945.4330348 1206.4924561 -169.9454143 22.816836184 31.892133473 3.6442205510 23.764840228
 3339.0950000 436259.66507 6478393.8277 -2899.025766 2953.9257658 1208.7200721 -165.0423136 24.136354011 32.888678588 3.6442205510 25.084358055
 3349.1525000 436262.06615 6478398.8128 -2907.422867 2962.3228670 1211.1211482 -160.0571814 25.386304044 33.898351412 3.6442205510 26.334308088
 3359.2100000 436264.63959 6478403.8777 -2915.720521 2970.6205206 1213.6945928 -154.9922842 26.571995956 34.920000000 3.6442205510 27.520000000
 3367.0620000 436266.77060 6478407.9028 -2922.115436 2977.0154361 1215.8255957 -150.9672281 27.318562462 36.015952410 4.5024553651 28.266566506
 3374.9140000 436269.01079 6478412.0073 -2928.421857 2983.3218574 1218.0657919 -146.8627210 28.026770629 37.116293953 4.5024553651 28.974774673
 3382.7660000 436271.35923 6478416.1895 -2934.637117 2989.5371168 1220.4142338 -142.6804993 28.699857039 38.220638972 4.5024553651 29.647861083
 3390.6180000 436273.81493 6478420.4477 -2940.758585 2995.6585852 1222.8699280 -138.4223320 29.340727357 39.328643523 4.5024553651 30.288731401
 3398.4700000 436276.37684 6478424.7800 -2946.783673 3001.6836730 1225.4318357 -134.0900205 29.951995956 40.440000000 4.5024553651 30.900000000
 3408.7400000 436279.84105 6478430.5523 -2954.537234 3009.4372343 1228.8960503 -128.3177124 30.090155193 41.512274041 3.1434098991 31.038159237
 3419.0100000 436283.39321 6478436.4396 -2962.163403 3017.0634033 1232.4482090 -122.4304057 30.222591864 42.584706574 3.1434098991 31.170595907
 3429.2800000 436287.03206 6478442.4398 -2969.659490 3024.5594899 1236.0870589 -116.4301770 30.349740835 43.657285535 3.1434098991 31.297744879
 3439.5500000 436290.75632 6478448.5509 -2977.022850 3031.9228500 1239.8113163 -110.3191428 30.471995956 44.730000000 3.1434098991 31.420000000
 3449.4925000 436294.38335 6478454.5883 -2984.037834 3038.9378344 1243.4383501 -104.2817020 29.629070736 45.521267301 2.9914365860 30.577074780
 3459.4350000 436297.97090 6478460.7612 -2990.954470 3045.8544701 1247.0258992 -98.10879711 28.808787251 46.318567741 2.9914365860 29.756791295
 3469.3775000 436301.51789 6478467.0677 -2997.770686 3052.6706862 1250.5728894 -91.80227646 28.010096599 47.121579589 2.9914365860 28.958100643
 3479.3200000 436305.02326 6478473.5060 -3004.484442 3059.3844421 1254.0782589 -85.36402818 27.231995956 47.930000000 2.9914365860 28.180000000
 3489.5775000 436308.60621 6478480.2674 -3011.312259 3066.2122593 1257.6612120 -78.60259340 26.713883077 48.606683848 2.2793721760 27.661887121
 3499.8350000 436312.16544 6478487.1318 -3018.049041 3072.9490415 1261.2204392 -71.73816015 26.206464076 49.285643802 2.2793721760 27.154468120
 3510.0925000 436315.70028 6478494.0980 -3024.693542 3079.5935420 1264.7552821 -64.77199850 25.709306370 49.966780636 2.2793721760 26.657310414
 3520.3500000 436319.21009 6478501.1646 -3031.244532 3086.1445317 1268.2650866 -57.70539733 25.221995956 50.650000000 2.2793721760 26.170000000
 3530.2300000 436322.55069 6478508.0824 -3037.453836 3092.3538356 1271.6056875 -50.78764078 24.438575322 51.475106048 3.1145478747 25.386579366
 3540.1100000 436325.83504 6478515.1252 -3043.551481 3098.4514813 1274.8900432 -43.74482980 23.672970092 52.305313232 3.1145478747 24.620974136
 3549.9900000 436329.06210 6478522.2908 -3049.535515 3104.4355147 1278.1171011 -36.57922151 22.924369369 53.140360293 3.1145478747 23.872373413
 3559.8700000 436332.23083 6478529.5769 -3055.404018 3110.3040178 1281.2858271 -29.29311236 22.191995956 53.980000000 3.1145478747 23.140000000
 3573.7966667 436336.63737 6478539.9577 -3063.569969 3118.4699689 1285.6923655 -18.91226403 21.913639891 54.222698996 0.7136208167 22.861643935
 3587.7233333 436341.00691 6478550.3916 -3071.687997 3126.5879971 1290.0619092 -8.478352617 21.636980227 54.466035506 0.7136208167 22.584984271
 3601.6500000 436345.33931 6478560.8783 -3079.757831 3134.6578309 1294.3943123 2.0082730716 21.361995956 54.710000000 0.7136208167 22.310000000
 3621.8600000 436351.59120 6478576.1447 -3091.424100 3146.3241000 1300.6461997 17.274749064 21.281931875 54.774973685 0.1368224289 22.229935919
 3642.0700000 436357.82676 6478591.4322 -3103.071640 3157.9716397 1306.8817581 32.562179767 21.201995956 54.840000000 0.1368224289 22.150000000
 3662.2500000 436364.05646 6478606.7185 -3114.671642 3169.5716419 1313.1114571 47.848511291 21.247075742 54.984991696 0.2224139652 22.195079786
 3682.4300000 436370.30924 6478622.0271 -3126.229818 3181.1298177 1319.3642368 63.157063408 21.291995956 55.130000000 0.2224139652 22.240000000
 3695.9133333 436374.47477 6478632.2307 -3133.991761 3188.8917614 1323.5297700 73.360702497 21.226249388 54.576630120 1.2370273425 22.174253432
 3709.3966667 436378.60008 6478642.3693 -3141.859819 3196.7598191 1327.6550754 83.499261154 21.159593268 54.023296367 1.2370273425 22.107597312
 3722.8800000 436382.68476 6478652.4418 -3149.833250 3204.7332499 1331.7397646 93.571784742 21.091995956 53.470000000 1.2370273425 22.040000000
 3735.8433333 436386.58552 6478662.0771 -3157.573804 3212.4738038 1335.6405247 103.20712790 21.091995956 53.203333333 0.6171252250 22.040000000
 3748.8066667 436390.47273 6478671.6790 -3165.362671 3220.2626712 1339.5277285 112.80898494 21.091995956 52.936666667 0.6171252250 22.040000000
 3761.7700000 436394.34629 6478681.2471 -3173.199683 3228.0996832 1343.4012918 122.37714789 21.091995956 52.670000000 0.6171252250 22.040000000
 3792.0000000 436403.36332 6478703.5203 -3191.531301 3246.4313011 1352.4183244 144.65029151 21.091995956 52.670000000 0.0000000000 22.040000000
