# WELL TRACE FROM PETREL 
# WELL NAME:              Volve F_F-7_F-7_F-7_ACTUAL
# DEFINITIVE SURVEY:      MD Incl Azim survey 1
# WELL HEAD X-COORDINATE: 435048.90700000 (m)
# WELL HEAD Y-COORDINATE: 6478565.47800000 (m)
# WELL DATUM (KB, Kelly bushing, from MSL): 54.90000000 (m)
# WELL TYPE:              WATER SOURCE
# MD AND TVD ARE REFERENCED (=0) AT WELL DATUM AND INCREASE DOWNWARDS
# ANGLES ARE GIVEN IN DEGREES
# XYZ TRACE IS GIVEN IN COORDINATE SYSTEM ED50-UTM31 ("MENTOR:ED50-UTM31:European 1950 Based UTM, Zone 31 North, Meter") [SIS,501080]
# AZIM_TN: azimuth in True North 
# AZIM_GN: azimuth in Grid North 
# DX DY ARE GIVEN IN GRID NORTH IN m-UNITS
# DEPTH (Z, tvd_z) GIVEN IN m-UNITS
#===============================================================================================================================================
      MD            X            Y            Z           TVD           DX          DY        AZIM_TN        INCL         DLS        AZIM_GN
#===============================================================================================================================================
 145.90000000 435048.90700 6478565.4780 -91.00000000 145.90000000 0.0000000003 0.0000000037 359.05196402 0.0000000000 0.0000000000 0.0000000000
 152.95000000 435048.89995 6478565.4785 -98.04999527 152.94999527 -0.007051722 0.0005438412 273.46196402 0.1150000000 0.4893617021 274.41000000
 160.00000000 435048.87879 6478565.4802 -105.0999621 159.99996213 -0.028206860 0.0021753553 273.46196402 0.2300000000 0.4893617021 274.41000000
 165.00000000 435048.85813 6478565.4816 -110.0999192 164.99991917 -0.048874141 0.0036074724 272.59706301 0.2449753077 0.0923880604 273.54509899
 170.00000000 435048.83613 6478565.4828 -115.0998706 169.99987061 -0.070866307 0.0048182234 271.83196402 0.2600000000 0.0923880604 272.78000000
 175.00000000 435048.81266 6478565.4827 -120.0998154 174.99981541 -0.094338473 0.0047485447 266.13087683 0.2788000562 0.1963140887 267.07891281
 180.00000000 435048.78755 6478565.4803 -125.0997517 179.99975167 -0.119445751 0.0023393696 261.19196402 0.3000000000 0.1963140887 262.14000000
 185.00000000 435048.76332 6478565.4775 -130.0996919 184.99969195 -0.143683384 -0.000539884 263.53125956 0.2597044782 0.2512549719 264.47929554
 190.00000000 435048.74245 6478565.4760 -135.0996481 189.99964806 -0.164546612 -0.002019797 266.72196402 0.2200000000 0.2512549719 267.67000000
 194.50000000 435048.72332 6478565.4744 -139.5996069 194.49960691 -0.183682521 -0.003599336 262.38329943 0.2694682265 0.3519391970 263.33133541
 199.00000000 435048.70043 6478565.4711 -144.0995472 198.99954725 -0.206573400 -0.006933512 259.40196402 0.3200000000 0.3519391970 260.35000000
 203.50000000 435048.67742 6478565.4637 -148.5994819 203.49948193 -0.229583778 -0.014258938 242.89128058 0.3015831767 0.6072767588 243.83931656
 208.00000000 435048.65792 6478565.4502 -153.0994188 207.99941878 -0.249078158 -0.027812228 225.83196402 0.3100000000 0.6072767588 226.78000000
 213.00000000 435048.63525 6478565.4326 -158.0993360 212.99933600 -0.271749171 -0.045421388 235.97081788 0.3507096557 0.4264972289 236.91885386
 218.00000000 435048.60665 6478565.4168 -163.0992289 217.99922888 -0.300348041 -0.061210610 243.81196402 0.4000000000 0.4264972289 244.76000000
 223.50000000 435048.57498 6478565.4025 -168.5991185 223.49911852 -0.332020616 -0.075544128 245.80004813 0.3246869107 0.4164220233 246.74808411
 229.00000000 435048.54940 6478565.3922 -174.0990490 228.99904900 -0.357600176 -0.085810335 248.98196402 0.2500000000 0.4164220233 249.93000000
 234.50000000 435048.52413 6478565.3788 -179.5989736 234.49897363 -0.382872469 -0.099173531 235.61828097 0.3497936033 0.6612042337 236.56631696
 240.00000000 435048.49338 6478565.3552 -185.0988358 239.99883580 -0.413623193 -0.122797981 228.40196402 0.4600000000 0.6612042337 229.35000000
 245.00000000 435048.46621 6478565.3385 -190.0987308 244.99873077 -0.440792049 -0.139470033 252.27480954 0.2860580251 1.3783175951 253.22284552
 250.00000000 435048.44559 6478565.3408 -195.0986844 249.99868438 -0.461407622 -0.137204164 303.14196402 0.2400000000 1.3783175951 304.09000000
 254.50000000 435048.43200 6478565.3526 -199.5986481 254.49864813 -0.475004288 -0.125401989 317.43160023 0.2222246884 0.4008992917 318.37963621
 259.00000000 435048.42242 6478565.3669 -204.0986150 258.99861503 -0.484584414 -0.111118193 333.05196402 0.2200000000 0.4008992917 334.00000000
 264.50000000 435048.41676 6478565.3818 -209.5985911 264.49859109 -0.490238693 -0.096241895 348.26202915 0.1143404129 0.6201478619 349.21006513
 270.00000000 435048.41831 6478565.3884 -215.0985859 269.99858591 -0.488692544 -0.089562052 62.411964018 0.0600000000 0.6201478619 63.360000000
 275.00000000 435048.42350 6478565.3967 -220.0985751 274.99857511 -0.483501173 -0.081253780 20.840815590 0.1761603863 0.8230618682 21.788851572
 280.00000000 435048.42972 6478565.4170 -225.0985291 279.99852909 -0.477284106 -0.061022821 13.461964018 0.3100000000 0.8230618682 14.410000000
 284.50000000 435048.43866 6478565.4394 -229.5984639 284.49846389 -0.468339678 -0.038591247 28.115014278 0.3102324043 0.5272956329 29.063050260
 289.00000000 435048.45338 6478565.4596 -234.0983943 288.99839430 -0.453620235 -0.018442641 41.861964018 0.3300000000 0.5272956329 42.810000000
 292.50000000 435048.46029 6478565.4708 -237.5983667 292.49836670 -0.446705789 -0.007230862 0.0611223032 0.1251350684 2.1512627980 1.0091582853
 296.00000000 435048.45365 6478565.4748 -241.0983552 295.99835522 -0.453351072 -0.003162266 271.17196402 0.2200000000 2.1512627980 272.12000000
 300.50000000 435048.43613 6478565.4776 -245.5983201 300.49832010 -0.470866625 -0.000411545 284.35523850 0.2346574255 0.3612267212 285.30327449
 305.00000000 435048.41811 6478565.4846 -250.0982784 304.99827840 -0.488891521 0.0065626847 295.48196402 0.2600000000 0.3612267212 296.43000000
 311.00000000 435048.39402 6478565.4913 -256.0982255 310.99822547 -0.512976908 0.0132521391 272.09291088 0.2276546259 0.5189756105 273.04094686
 317.00000000 435048.37051 6478565.4871 -262.0981771 316.99817711 -0.536487521 0.0090911966 246.62196402 0.2400000000 0.5189756105 247.57000000
 333.31500000 435048.29240 6478565.4734 -278.4129804 333.31298042 -0.614598036 -0.004553816 268.29869996 0.3270027513 0.2512453490 269.24673594
 349.63000000 435048.18437 6478565.4846 -294.7276148 349.62761476 -0.722633757 0.0066438019 279.92196402 0.4400000000 0.2512453490 280.87000000
 354.50000000 435048.14914 6478565.4944 -299.5974770 354.49747703 -0.757864789 0.0164460735 289.45765189 0.4237736493 0.4533475382 290.40568787
 359.37000000 435048.11687 6478565.5098 -304.4673457 359.36734567 -0.790128375 0.0317524541 299.45196402 0.4200000000 0.4533475382 300.40000000
 363.81500000 435048.08945 6478565.5262 -308.9122305 363.81223050 -0.817546604 0.0482225576 300.66047588 0.4049029849 0.1175931019 301.60851187
 368.26000000 435048.06339 6478565.5427 -313.3571235 368.25712355 -0.843613853 0.0646678917 301.96196402 0.3900000000 0.1175931019 302.91000000
 378.10000000 435047.99548 6478565.5706 -323.1968460 378.09684596 -0.911515856 0.0925761368 282.77615991 0.4772455487 0.5127670493 283.72419589
 387.94000000 435047.90420 6478565.5815 -333.0364126 387.93641259 -1.002800791 0.1035447121 270.44196402 0.6000000000 0.5127670493 271.39000000
 398.26000000 435047.80627 6478565.5896 -343.3559423 398.25594231 -1.100730721 0.1116388338 277.83040155 0.4937534668 0.3700852143 278.77843753
 408.58000000 435047.72848 6478565.6087 -353.6756292 408.57562921 -1.178521438 0.1306799948 288.95196402 0.4000000000 0.3700852143 289.90000000
 423.01000000 435047.61815 6478565.6292 -368.1051875 423.00518750 -1.288852000 0.1512058619 272.13004881 0.5010791352 0.3439478939 273.07808480
 437.44000000 435047.47654 6478565.6222 -382.5344855 437.43448546 -1.430460537 0.1442278838 261.54196402 0.6300000000 0.3439478939 262.49000000
 451.26500000 435047.32878 6478565.6036 -396.3586825 451.25868252 -1.578221246 0.1255550804 262.16989773 0.6049605376 0.0562837309 263.11793371
 465.09000000 435047.18681 6478565.5873 -410.1829433 465.08294328 -1.720194706 0.1092582075 262.85196402 0.5800000000 0.0562837309 263.80000000
 473.10000000 435047.06826 6478565.5827 -418.1920336 473.09203365 -1.838744266 0.1047015814 268.92043244 1.1200319942 2.0476811634 269.86846843
 481.11000000 435046.87378 6478565.5865 -426.1996394 481.09963941 -2.033223023 0.1085396018 271.03186764 1.6644433508 2.0476811634 271.97990362
 489.12000000 435046.60339 6478565.5988 -434.2050314 489.10503144 -2.303613268 0.1207719175 272.10196402 2.2100000000 2.0476811634 273.05000000
 502.56000000 435046.06880 6478565.6455 -447.6342986 502.53429864 -2.838196894 0.1674741907 275.85598150 2.3705713664 0.4903268462 276.80401749
 516.00000000 435045.49978 6478565.7304 -461.0619619 515.96196193 -3.407218969 0.2524474114 279.12196402 2.5400000000 0.4903268462 280.07000000
 525.97333333 435045.05384 6478565.7871 -471.0251433 525.92514332 -3.853163632 0.3090591980 273.55353373 2.6345894921 0.8074837011 274.50156971
 535.94666667 435044.58606 6478565.8024 -480.9874721 535.88747211 -4.320938560 0.3243838921 268.41533513 2.7521921797 0.8074837011 269.36337111
 545.92000000 435044.09647 6478565.7764 -490.9487296 545.84872961 -4.810533486 0.2984211640 263.73196402 2.8900000000 0.8074837011 264.68000000
 557.59000000 435043.46502 6478565.7300 -502.6014987 557.50149869 -5.441975909 0.2520498987 265.82295880 3.3333056287 1.1761764689 266.77099478
 569.26000000 435042.74202 6478565.7000 -514.2489950 569.14899505 -6.164981688 0.2220079219 267.42196402 3.7800000000 1.1761764689 268.37000000
 582.71666667 435041.79997 6478565.6544 -527.6725023 582.57250232 -7.107031813 0.1764196092 265.26977725 4.2623376551 1.1265369796 266.21781324
 596.17333333 435040.74681 6478565.5681 -541.0875437 595.98754366 -8.160189948 0.0901093679 263.55631865 4.7494479293 1.1265369796 264.50435463
 609.63000000 435039.58263 6478565.4411 -554.4930757 609.39307565 -9.324374178 -0.036916092 262.16196402 5.2400000000 1.1265369796 263.11000000
 623.27333333 435038.26498 6478565.2630 -568.0713271 622.97132710 -10.64202075 -0.215016429 260.64259657 5.9503795331 1.5955029543 261.59063255
 636.91666667 435036.78536 6478565.0276 -581.6319976 636.53199764 -12.12164192 -0.450447973 259.44692505 6.6640290594 1.5955029543 260.39496104
 650.56000000 435035.14400 6478564.7348 -595.1729125 650.07291245 -13.76300039 -0.743172962 258.48196402 7.3800000000 1.5955029543 259.43000000
 663.82000000 435033.40575 6478564.4235 -608.3146621 663.21466207 -15.50125387 -1.054471934 259.28651240 7.9320713893 1.2723237351 260.23454838
 677.08000000 435031.53861 6478564.1143 -621.4387573 676.33875726 -17.36839069 -1.363693390 259.98686301 8.4854870166 1.2723237351 260.93489899
 690.34000000 435029.54277 6478563.8072 -634.5439337 689.44393369 -19.36423097 -1.670807545 260.60196402 9.0400000000 1.2723237351 261.55000000
 703.61000000 435027.50413 6478563.4968 -647.6526087 702.55260870 -21.40287165 -1.981183779 260.18424334 8.8461723086 0.4621281042 261.13227933
 716.88000000 435025.51159 6478563.1783 -660.7681788 715.66817880 -23.39541130 -2.299746973 259.74798334 8.6528279291 0.4621281042 260.69601932
 730.15000000 435023.56518 6478562.8515 -673.8904770 728.79047704 -25.34182455 -2.626493073 259.29196402 8.4600000000 0.4621281042 260.24000000
 743.69333333 435021.56547 6478562.4854 -687.2802269 742.18022693 -27.34152834 -2.992616978 258.08581109 8.8132500735 0.8793101907 259.03384708
 757.23666667 435019.49234 6478562.0623 -700.6571166 755.55711664 -29.41465827 -3.415675154 256.97235586 9.1700496357 0.8793101907 257.92039184
 770.78000000 435017.34589 6478561.5824 -714.0205041 768.92050409 -31.56111484 -3.895647293 255.94196402 9.5300000000 0.8793101907 256.89000000
 790.28000000 435014.21578 6478560.8725 -733.2543569 788.15435688 -34.69122187 -4.605530374 256.60951172 9.4243577656 0.2345387637 257.55754770
 809.78000000 435011.11199 6478560.2069 -752.4940616 807.39406160 -37.79501477 -5.271102101 257.29196402 9.3200000000 0.2345387637 258.24000000
 830.66500000 435007.80646 6478559.5411 -773.1048676 828.00486759 -41.10054213 -5.936893841 258.03795384 9.2692196242 0.1878117165 258.98598982
 851.55000000 435004.51017 6478558.9220 -793.7186095 848.61860948 -44.39682801 -6.556040036 258.79196402 9.2200000000 0.1878117165 259.74000000
 864.59666667 435002.47327 6478558.5783 -806.6005758 861.50057583 -46.43373436 -6.899684070 260.17568361 9.0077902246 0.7014723452 261.12371959
 877.64333333 435000.47512 6478558.2918 -819.4900136 874.39001358 -48.43187662 -7.186200531 261.62473781 8.8009933876 0.7014723452 262.57277379
 890.69000000 434998.51580 6478558.0624 -832.3865573 887.28655735 -50.39119815 -7.415581294 263.14196402 8.6000000000 0.7014723452 264.09000000
 914.59666667 434994.98451 6478557.6736 -856.0275880 910.92758801 -53.92249450 -7.804427513 262.38999711 8.4985052732 0.1894699048 263.33803310
 938.50333333 434991.49994 6478557.2430 -879.6748321 934.57483212 -57.40706252 -8.235034978 261.62012062 8.3984874749 0.1894699048 262.56815660
 962.41000000 434988.06212 6478556.7706 -903.3281254 958.22812545 -60.84487802 -8.707400698 260.83196402 8.3000000000 0.1894699048 261.78000000
 983.91000000 434984.96829 6478556.3388 -924.5998144 979.49981439 -63.93871243 -9.139153687 261.37929079 8.4146316843 0.1946927308 262.32732677
 1005.4100000 434981.82820 6478555.9308 -945.8651882 1000.7651882 -67.07879748 -9.547232395 261.91196402 8.5300000000 0.1946927308 262.86000000
 1024.6850000 434978.98072 6478555.5817 -964.9253527 1019.8253527 -69.92627626 -9.896268947 262.21421576 8.5948839480 0.1228982749 263.16225174
 1043.9600000 434976.10999 6478555.2451 -983.9822492 1038.8822492 -72.79701031 -10.23290929 262.51196402 8.6600000000 0.1228982749 263.46000000
 1083.0000000 434970.27200 6478554.5758 -1022.577164 1077.4771638 -78.63500409 -10.90219369 262.51196402 8.6600000000 0.0000000000 263.46000000
