# WELL TRACE FROM PETREL 
# WELL NAME:              Volve F_F-9_F-9_F-9_ACTUAL
# DEFINITIVE SURVEY:      MD Incl Azim survey 1
# WELL HEAD X-COORDINATE: 435051.13500000 (m)
# WELL HEAD Y-COORDINATE: 6478561.56800000 (m)
# WELL DATUM (KB, Kelly bushing, from MSL): 54.90000000 (m)
# WELL TYPE:              WATER SOURCE
# MD AND TVD ARE REFERENCED (=0) AT WELL DATUM AND INCREASE DOWNWARDS
# ANGLES ARE GIVEN IN DEGREES
# XYZ TRACE IS GIVEN IN COORDINATE SYSTEM ED50-UTM31 ("MENTOR:ED50-UTM31:European 1950 Based UTM, Zone 31 North, Meter") [SIS,501080]
# AZIM_TN: azimuth in True North 
# AZIM_GN: azimuth in Grid North 
# DX DY ARE GIVEN IN GRID NORTH IN m-UNITS
# DEPTH (Z, tvd_z) GIVEN IN m-UNITS
#===============================================================================================================================================
      MD            X            Y            Z           TVD           DX          DY        AZIM_TN        INCL         DLS        AZIM_GN
#===============================================================================================================================================
 145.90000000 435051.13500 6478561.5680 -91.00000000 145.90000000 -0.000000000 0.0000000037 359.05199783 0.0000000000 0.0000000000 0.0000000000
 182.20000000 435051.12282 6478561.5287 -127.2999689 182.19996885 -0.012180183 -0.039323512 196.26199783 0.1300000000 0.1074380165 197.21000000
 218.50000000 435051.08628 6478561.4107 -163.5997508 218.49975084 -0.048720669 -0.157293858 196.26199783 0.2600000000 0.1074380165 197.21000000
 238.75000000 435051.05052 6478561.3409 -183.8495955 238.74959546 -0.084483902 -0.227135499 219.54522052 0.1933016740 0.1665234143 220.49322269
 259.00000000 435050.99758 6478561.3068 -204.0994944 258.99949437 -0.137415820 -0.261167414 254.36199783 0.1800000000 0.1665234143 255.31000000
 279.25000000 435050.92444 6478561.2797 -224.3493419 279.24934186 -0.210562285 -0.288302021 244.82836103 0.2631209717 0.1342957899 245.77636320
 299.50000000 435050.82803 6478561.2305 -244.5990504 299.49905041 -0.306969152 -0.337451795 239.94199783 0.3500000000 0.1342957899 240.89000000
 313.00000000 435050.77791 6478561.2113 -258.0989322 312.99893225 -0.357092664 -0.356716629 272.24675559 0.1200070417 0.5704631262 273.19475776
 326.50000000 435050.77159 6478561.2337 -271.5989009 326.49890085 -0.363413353 -0.334301254 18.861304556 0.1951965422 0.5704631262 19.809306725
 340.00000000 435050.80907 6478561.2978 -285.0986852 339.99868523 -0.325931091 -0.270206123 34.011997831 0.4400000000 0.5704631262 34.960000000
 367.15000000 435050.88733 6478561.4658 -312.2480419 367.14804185 -0.247673994 -0.102221931 11.708353408 0.3573401452 0.1925265961 12.656355577
 394.30000000 435050.88324 6478561.6281 -339.3975455 394.29754548 -0.251756932 0.0601035627 343.21199783 0.3500000000 0.1925265961 344.16000000
 407.35000000 435050.86439 6478561.7054 -352.4473029 407.34730290 -0.270605399 0.1373617956 347.47699783 0.3490307863 0.0598372127 348.42500000
 420.40000000 435050.85135 6478561.7838 -365.4970603 420.39706031 -0.283647909 0.2158091804 351.74199783 0.3500000000 0.0598372127 352.69000000
 440.50000000 435050.85726 6478561.9002 -385.5967179 440.49671793 -0.277738602 0.3322368395 12.921997831 0.3263580212 0.1887373182 13.870000000
 460.60000000 435050.90622 6478562.0060 -405.6963755 460.59637554 -0.228776321 0.4380338844 34.101997831 0.3500000000 0.1887373182 35.050000000
 480.70000000 435050.97755 6478562.1059 -425.7960006 480.69600059 -0.157447317 0.5379044861 35.071997828 0.3499498449 0.0088433924 36.019999997
 500.80000000 435051.05056 6478562.2046 -445.8956256 500.79562564 -0.084437716 0.6365531674 36.041997831 0.3500000000 0.0088433924 36.990000000
 510.82500000 435051.14496 6478562.2349 -455.9200741 510.82007405 0.0099616489 0.6668967186 84.615830036 0.8714614209 2.0696362101 85.563832205
 520.85000000 435051.35448 6478562.2281 -465.9428197 520.84281967 0.2194815876 0.6601314778 94.467748005 1.5339524153 2.0696362101 95.415750174
 530.87500000 435051.67909 6478562.1843 -475.9624022 530.86240217 0.5440915723 0.6162584303 98.329705182 2.2143159239 2.0696362101 99.277707351
 540.90000000 435052.11874 6478562.1033 -485.9773617 540.87736168 0.9837443069 0.5352839706 100.37199783 2.9000000000 2.0696362101 101.32000000
 554.06666667 435052.80811 6478561.9655 -499.1252172 554.02521718 1.6731093503 0.3975221757 100.33598608 3.2233323810 0.7367196894 101.28398825
 567.23333333 435053.57028 6478561.8137 -512.2688948 567.16889480 2.4352816244 0.2456600079 100.30653414 3.5466658011 0.7367196894 101.25453631
 580.40000000 435054.40524 6478561.6477 -525.4079760 580.30797596 3.2702368562 0.0797023056 100.28199783 3.8700000000 0.7367196894 101.23000000
 593.86666667 435055.36149 6478561.4468 -538.8390613 593.73906129 4.2264889660 -0.121203317 101.46888621 4.4553566597 1.3179915170 102.41688838
 607.33333333 435056.44779 6478561.1980 -552.2594440 607.15944401 5.3127923863 -0.370013856 102.38031040 5.0421757511 1.3179915170 103.32831257
 620.80000000 435057.66403 6478560.9013 -565.6676932 620.56769318 6.5290312908 -0.666702775 103.10199783 5.6300000000 1.3179915170 104.05000000
 634.36666667 435059.02025 6478560.6369 -579.1636664 634.06366637 7.8852518137 -0.931087814 97.287138765 6.0804150339 1.6458169839 98.235140934
 647.93333333 435060.50740 6478560.4898 -592.6476213 647.54762128 9.3724007868 -1.078218854 92.314320957 6.5841816209 1.6458169839 93.262323126
 661.50000000 435062.12523 6478560.4599 -606.1172827 661.01728266 10.990227269 -1.108071069 88.071997831 7.1300000000 1.6458169839 89.020000000
 674.93333333 435063.85085 6478560.5222 -619.4390378 674.33903778 12.715848334 -1.045823190 85.973367448 7.6483486643 1.3049424992 86.921369617
 688.36666667 435065.69452 6478560.6519 -632.7444707 687.64447070 14.559520256 -0.916100184 84.141733985 8.1755512086 1.3049424992 85.089736154
 701.80000000 435067.65605 6478560.8491 -646.0321976 700.93219759 16.521051280 -0.718915540 82.531997831 8.7100000000 1.3049424992 83.480000000
 711.90000000 435069.23912 6478561.0351 -656.0054653 710.90546526 18.104115251 -0.532861144 82.180126914 9.4571083175 2.2252493627 83.128129083
 722.00000000 435070.95001 6478561.2461 -665.9570892 720.85708920 19.815012620 -0.321943155 81.879358099 10.204516012 2.2252493627 82.827360268
 732.10000000 435072.78845 6478561.4818 -675.8853681 730.78536805 21.653450883 -0.086197628 81.619243321 10.952161788 2.2252493627 82.567245490
 742.20000000 435074.75412 6478561.7423 -685.7886044 740.68860442 23.619115730 0.1743351314 81.391997831 11.700000000 2.2252493627 82.340000000
 755.66666667 435077.43568 6478562.1272 -698.9797637 753.87976374 26.300684518 0.5592437666 80.367420456 11.519577799 0.6103449286 81.315422625
 769.13333333 435080.06924 6478562.5542 -712.1793062 767.07930623 28.934235709 0.9861986339 79.311021785 11.342852631 0.6103449286 80.259023954
 782.60000000 435082.65471 6478563.0232 -725.3869301 780.28693006 31.519709084 1.4551899647 78.221997831 11.170000000 0.6103449286 79.170000000
 796.06666667 435085.21589 6478563.5582 -738.5967660 793.49676595 34.080885980 1.9902320476 76.289290778 11.247801687 0.8546547232 77.237292947
 809.53333333 435087.77651 6478564.1833 -751.8027511 806.70275113 36.641510779 2.6153294826 74.384848623 11.337898531 0.8546547232 75.332850792
 823.00000000 435090.33647 6478564.8985 -765.0042935 819.90429350 39.201468676 3.3304542443 72.511997831 11.440000000 0.8546547232 73.460000000
 836.43333333 435092.88264 6478565.6971 -778.1697056 833.06970561 41.747642520 4.1291043386 70.765671499 11.486417799 0.7819489824 71.713673668
 849.86666667 435095.41460 6478566.5765 -791.3327090 846.23270903 44.279599597 5.0085410960 69.034743974 11.543134786 0.7819489824 69.982746143
 863.30000000 435097.93225 6478567.5367 -804.4928122 859.39281220 46.797245350 5.9687316688 67.321997831 11.610000000 0.7819489824 68.270000000
 876.40000000 435100.33874 6478568.4519 -817.3370615 872.23706152 49.203735423 6.8839324685 69.181538745 11.070160344 1.4930127201 70.129540914
 889.50000000 435102.66167 6478569.2460 -830.2047486 885.10474863 51.526670838 7.6780022923 71.226918568 10.542835565 1.4930127201 72.174920737
 902.60000000 435104.90075 6478569.9188 -843.0942075 897.99420751 53.765750837 8.3508383352 73.481997831 10.030000000 1.4930127201 74.430000000
 924.40666667 435108.52874 6478570.9243 -864.5732021 919.47320215 57.393740326 9.3563001622 73.642972725 9.8599196367 0.2370889467 74.590974894
 946.21333333 435112.09812 6478571.9025 -886.0632790 940.96327900 60.963115908 10.334542637 73.809540448 9.6899182267 0.2370889467 74.757542617
 968.02000000 435115.60885 6478572.8536 -907.5642436 962.46424365 64.473845293 11.285556911 73.981997831 9.5200000000 0.2370889467 74.930000000
 988.26000000 435118.83283 6478573.7137 -927.5271044 982.42710441 67.697832327 12.145722165 74.245471969 9.4649005987 0.1040083106 75.193474138
 1008.5000000 435122.04223 6478574.5541 -947.4931602 1002.3931602 70.907230010 12.986114263 74.511997831 9.4100000000 0.1040083106 75.460000000
 1028.6800000 435125.25407 6478575.3770 -967.3987277 1022.2987277 74.119065428 13.808973252 74.850488074 9.5098404339 0.1699116704 75.798490243
 1048.8600000 435128.50435 6478576.1895 -987.2984760 1042.1984760 77.369345121 14.621461799 75.181997831 9.6100000000 0.1699116704 76.130000000
 1083.0000000 435134.03560 6478577.5552 -1020.959386 1075.8593865 82.900596127 15.987234761 75.181997831 9.6100000000 0.0000000000 76.130000000
