# WELL TRACE FROM PETREL 
# WELL NAME:              Volve F_F-9_F-9 A_F-9 A_ACTUAL
# DEFINITIVE SURVEY:      MD Incl Azim survey 1
# WELL HEAD X-COORDINATE: 435051.13500000 (m)
# WELL HEAD Y-COORDINATE: 6478561.56800000 (m)
# WELL DATUM (KB, Kelly bushing, from MSL): 54.90000000 (m)
# WELL TYPE:              WATER SOURCE
# MD AND TVD ARE REFERENCED (=0) AT WELL DATUM AND INCREASE DOWNWARDS
# ANGLES ARE GIVEN IN DEGREES
# XYZ TRACE IS GIVEN IN COORDINATE SYSTEM ED50-UTM31 ("MENTOR:ED50-UTM31:European 1950 Based UTM, Zone 31 North, Meter") [SIS,501080]
# AZIM_TN: azimuth in True North 
# AZIM_GN: azimuth in Grid North 
# DX DY ARE GIVEN IN GRID NORTH IN m-UNITS
# DEPTH (Z, tvd_z) GIVEN IN m-UNITS
#===============================================================================================================================================
      MD            X            Y            Z           TVD           DX          DY        AZIM_TN        INCL         DLS        AZIM_GN
#===============================================================================================================================================
 145.90000000 435051.13500 6478561.5680 -91.00000000 145.90000000 -0.000000000 0.0000000037 359.05199783 0.0000000000 0.0000000000 0.0000000000
 182.20000000 435051.12282 6478561.5287 -127.2999689 182.19996885 -0.012180183 -0.039323512 196.26199783 0.1300000000 0.1074380165 197.21000000
 218.50000000 435051.08628 6478561.4107 -163.5997508 218.49975084 -0.048720669 -0.157293858 196.26199783 0.2600000000 0.1074380165 197.21000000
 238.75000000 435051.05052 6478561.3409 -183.8495955 238.74959546 -0.084483902 -0.227135499 219.54522052 0.1933016740 0.1665234143 220.49322269
 259.00000000 435050.99758 6478561.3068 -204.0994944 258.99949437 -0.137415820 -0.261167414 254.36199783 0.1800000000 0.1665234143 255.31000000
 279.25000000 435050.92444 6478561.2797 -224.3493419 279.24934186 -0.210562285 -0.288302021 244.82836103 0.2631209717 0.1342957899 245.77636320
 299.50000000 435050.82803 6478561.2305 -244.5990504 299.49905041 -0.306969152 -0.337451795 239.94199783 0.3500000000 0.1342957899 240.89000000
 313.00000000 435050.77791 6478561.2113 -258.0989322 312.99893225 -0.357092664 -0.356716629 272.24675559 0.1200070417 0.5704631262 273.19475776
 326.50000000 435050.77159 6478561.2337 -271.5989009 326.49890085 -0.363413353 -0.334301254 18.861304556 0.1951965422 0.5704631262 19.809306725
 340.00000000 435050.80907 6478561.2978 -285.0986852 339.99868523 -0.325931091 -0.270206123 34.011997831 0.4400000000 0.5704631262 34.960000000
 367.15000000 435050.88733 6478561.4658 -312.2480419 367.14804185 -0.247673994 -0.102221931 11.708353408 0.3573401452 0.1925265961 12.656355577
 394.30000000 435050.88324 6478561.6281 -339.3975455 394.29754548 -0.251756932 0.0601035627 343.21199783 0.3500000000 0.1925265961 344.16000000
 407.35000000 435050.86439 6478561.7054 -352.4473029 407.34730290 -0.270605399 0.1373617956 347.47699783 0.3490307863 0.0598372127 348.42500000
 420.40000000 435050.85135 6478561.7838 -365.4970603 420.39706031 -0.283647909 0.2158091804 351.74199783 0.3500000000 0.0598372127 352.69000000
 429.02500000 435050.81878 6478561.7460 -374.1217463 429.02174633 -0.316224967 0.1780345673 203.63155338 0.9338386917 4.3298081776 204.57955555
 437.65000000 435050.73446 6478561.5283 -382.7434123 437.64341232 -0.400538993 -0.039743968 198.74863778 2.1727301424 4.3298081776 199.69663995
 446.27500000 435050.59845 6478561.1306 -391.3579888 446.25798878 -0.536550188 -0.437423636 197.41452327 3.4159339435 4.3298081776 198.36252543
 454.90000000 435050.41081 6478560.5532 -399.9614095 454.86140954 -0.724194355 -1.014816723 196.79199783 4.6600000000 4.3298081776 197.74000000
 465.60000000 435050.10946 6478559.6331 -410.6173314 465.51733142 -1.025540133 -1.934896511 197.50810029 5.7268034589 2.9964959102 198.45610246
 476.30000000 435049.73506 6478558.5284 -421.2533673 476.15336733 -1.399941637 -3.039566491 197.99986239 6.7942171858 2.9964959102 198.94786456
 487.00000000 435049.28773 6478557.2396 -431.8658167 486.76581667 -1.847268601 -4.328442317 198.35859641 7.8619926162 2.9964959102 199.30659858
 497.70000000 435048.76763 6478555.7669 -442.4509870 497.35098701 -2.367365384 -5.801075546 198.63199783 8.9300000000 2.9964959102 199.58000000
 505.68000000 435048.34938 6478554.5282 -450.3229688 505.22296882 -2.785621125 -7.039783191 196.87981524 9.9383573957 3.9411576398 197.82781741
 513.66000000 435047.92466 6478553.1457 -458.1706142 513.07061418 -3.210339612 -8.422259994 195.44855523 10.954157916 3.9411576398 196.39655739
 521.64000000 435047.49362 6478551.6200 -465.9912959 520.89129590 -3.641378658 -9.948043141 194.25810282 11.975507502 3.9411576398 195.20610499
 529.62000000 435047.05641 6478549.9514 -473.7823958 528.68239581 -4.078593961 -11.61662183 193.25259282 13.001098272 3.9411576398 194.20059499
 537.60000000 435046.61316 6478548.1406 -481.5413056 536.44130563 -4.521839152 -13.42743747 192.39199783 14.030000000 3.9411576398 193.34000000
 544.62000000 435046.23998 6478546.4296 -488.3391194 543.23911941 -4.895017545 -15.13843614 190.37742430 14.876260716 4.2061830361 191.32542647
 551.64000000 435045.90558 6478544.6076 -495.1100530 550.01005304 -5.229418539 -16.96036661 188.57692470 15.738236375 4.2061830361 189.52492687
 558.66000000 435045.61006 6478542.6753 -501.8521085 556.75210848 -5.524943455 -18.89269124 186.96024249 16.613480041 4.2061830361 187.90824466
 565.68000000 435045.35349 6478540.6332 -508.5632962 563.46329623 -5.781505085 -20.93483982 185.50199783 17.500000000 4.2061830361 186.45000000
 575.49250000 435045.03641 6478537.6108 -517.8928330 572.79283301 -6.098586165 -23.95722157 184.60642130 18.597407745 3.4606221104 185.55442347
 585.30500000 435044.74796 6478534.4064 -527.1623246 582.06232459 -6.387044963 -27.16161354 183.80747408 19.698590504 3.4606221104 184.75547625
 595.11750000 435044.48823 6478531.0212 -536.3681534 591.26815337 -6.646768898 -30.54676516 183.09005281 20.802948165 3.4606221104 184.03805498
 604.93000000 435044.25734 6478527.4566 -545.5067266 600.40672657 -6.877656606 -34.11135530 182.44199783 21.910000000 3.4606221104 183.39000000
 618.48500000 435043.96262 6478522.2858 -558.0322379 612.93223791 -7.172380478 -39.28224458 182.19221641 23.034246933 2.4971404015 183.14021858
 632.04000000 435043.67650 6478516.8693 -570.4536648 625.35366476 -7.458499288 -44.69868946 181.96447848 24.158851369 2.4971404015 182.91248065
 645.59500000 435043.39910 6478511.2094 -582.7661903 637.66619035 -7.735902079 -50.35858958 181.75584070 25.283765481 2.4971404015 182.70384287
 659.15000000 435043.13052 6478505.3082 -594.9650402 649.86504016 -8.004481274 -56.25975015 181.56385893 26.408949571 2.4971404015 182.51186109
 672.70500000 435042.87087 6478499.1681 -607.0454837 661.94548375 -8.264132717 -62.39988283 181.38648676 27.534370417 2.4971404015 182.33448893
 686.26000000 435042.62024 6478492.7914 -619.0028366 673.90283658 -8.514755714 -68.77660662 181.22199783 28.660000000 2.4971404015 182.17000000
 699.84000000 435042.35352 6478486.2231 -630.8843726 685.78437257 -8.781480998 -75.34489563 181.52985172 29.266001001 1.3786443055 182.47785389
 713.42000000 435042.04642 6478479.5311 -642.6956526 697.59565255 -9.088575094 -82.03688034 181.82629354 29.872681282 1.3786443055 182.77429571
 727.00000000 435041.69900 6478472.7162 -654.4352753 709.33527531 -9.436001564 -88.85176686 182.11199783 30.480000000 1.3786443055 183.06000000
 737.16500000 435041.39075 6478467.5088 -663.1584539 718.05845387 -9.744252455 -94.05919925 182.75956019 31.298079215 2.6061094754 183.70756235
 747.33000000 435041.01633 6478462.1812 -671.8060897 726.70608970 -10.11866743 -99.38681683 183.37734776 32.119257922 2.6061094754 184.32534993
 757.49500000 435040.57584 6478456.7346 -680.3761288 735.27612878 -10.55915754 -104.8333542 183.96750773 32.943302172 2.6061094754 184.91550990
 767.66000000 435040.06938 6478451.1705 -688.8665355 743.76653555 -11.06561818 -110.3975177 184.53199783 33.770000000 2.6061094754 185.48000000
 777.70250000 435039.50312 6478445.5453 -697.1649130 752.06491304 -11.63188340 -116.0227248 185.06185870 34.781905371 3.1515438355 186.00986087
 787.74500000 435038.87027 6478439.7805 -705.3620045 760.26200454 -12.26473408 -121.7875066 185.56541113 35.795992623 3.1515438355 186.51341330
 797.78750000 435038.17104 6478433.8781 -713.4550310 768.35503103 -12.96395567 -127.6899085 186.04481184 36.812078760 3.1515438355 186.99281401
 807.83000000 435037.40569 6478427.8401 -721.4412488 776.34124878 -13.72931110 -133.7279295 186.50199783 37.830000000 3.1515438355 187.45000000
 817.86500000 435036.56536 6478421.6857 -729.3209074 784.22090740 -14.56963573 -139.8823494 187.14608498 38.687613911 2.8275188822 188.09408715
 827.90000000 435035.64003 6478415.4247 -737.1064879 792.00648795 -15.49497011 -146.1433010 187.76648855 39.548630718 2.8275188822 188.71449072
 837.93500000 435034.62994 6478409.0589 -744.7958690 799.69586895 -16.50506210 -152.5090783 188.36467352 40.412827743 2.8275188822 189.31267569
 847.97000000 435033.53536 6478402.5901 -752.3869551 807.28695514 -17.59963644 -158.9779467 188.94199783 41.280000000 2.8275188822 189.89000000
 855.97600000 435032.62629 6478397.3334 -758.3547994 813.25479938 -18.50871167 -164.2346393 188.78661927 42.327625218 3.9447860286 189.73462144
 863.98200000 435031.71303 6478391.9676 -764.2240650 819.12406502 -19.42196784 -169.6003892 188.63735762 43.375451946 3.9447860286 189.58535979
 871.98800000 435030.79590 6478386.4946 -769.9927707 824.89277070 -20.33909662 -175.0733849 188.49376547 44.423465409 3.9447860286 189.44176764
 879.99400000 435029.87521 6478380.9162 -775.6589690 830.55896902 -21.25978843 -180.6517789 188.35543588 45.471652175 3.9447860286 189.30343805
 888.00000000 435028.95127 6478375.2343 -781.2207472 836.12074717 -22.18373244 -186.3336880 188.22199783 46.520000000 3.9447860286 189.17000000
 898.10250000 435027.77363 6478367.9434 -788.1110399 843.01103992 -23.36136821 -193.6245854 188.23244987 47.472498674 2.8285949230 189.18045204
 908.20500000 435026.57657 6478360.5407 -794.8775669 849.77756688 -24.55842869 -201.0272962 188.24258792 48.424998269 2.8285949230 189.19059009
 918.30750000 435025.36042 6478353.0282 -801.5184579 856.41845795 -25.77458304 -208.5397744 188.25243128 49.377498728 2.8285949230 189.20043345
 928.41000000 435024.12550 6478345.4081 -808.0318777 862.93187774 -27.00949513 -216.1599439 188.26199783 50.330000000 2.8285949230 189.21000000
 938.34000000 435022.87015 6478337.8164 -814.3049433 869.20494333 -28.26485464 -223.7516333 188.61843942 51.313483755 3.0862778003 189.56644159
 948.27000000 435021.55020 6478330.1275 -820.4448913 875.34489130 -29.58479707 -231.4404997 188.96520920 52.298020067 3.0862778003 189.91321137
 958.20000000 435020.16610 6478322.3439 -826.4497699 881.34976986 -30.96890282 -239.2240991 189.30288293 53.283545251 3.0862778003 190.25088510
 968.13000000 435018.71827 6478314.4680 -832.3176702 887.21767016 -32.41673190 -247.0999571 189.63199783 54.270000000 3.0862778003 190.58000000
 983.34833333 435016.43013 6478302.2696 -841.1181474 896.01814736 -34.70486605 -259.2984234 189.71928699 55.069856356 1.5829988512 190.66728916
 998.56666667 435014.10100 6478289.9551 -849.7444435 904.64444346 -37.03399913 -271.6129100 189.80489034 55.869773934 1.5829988512 190.75289251
 1013.7850000 435011.73133 6478277.5270 -858.1948640 913.09486402 -39.40367364 -284.0409980 189.88888856 56.669749797 1.5829988512 190.83689073
 1029.0033333 435009.32158 6478264.9878 -866.4677491 921.36774915 -41.81342411 -296.5802461 189.97135811 57.469781166 1.5829988512 190.91936028
 1044.2216667 435006.87222 6478252.3398 -874.5614738 929.46147383 -44.26277719 -309.2281913 190.05237157 58.269865402 1.5829988512 191.00037373
 1059.4400000 435004.38375 6478239.5857 -882.4744483 937.37444825 -46.75125175 -321.9823493 190.13199783 59.070000000 1.5829988512 191.08000000
 1100.0550000 434997.73135 6478205.4099 -903.3669158 958.26691578 -53.40364997 -356.1581200 190.00207277 59.014934909 0.0917998111 190.95007494
 1140.6700000 434991.16030 6478171.2388 -924.2928075 979.19280747 -59.97469804 -390.3291938 189.87199783 58.960000000 0.0917998111 190.82000000
 1160.8500000 434987.93671 6478154.2637 -934.7081689 989.60816888 -63.19829263 -407.3042605 189.73709024 58.894929650 0.1971441561 190.68509241
 1181.0300000 434984.75530 6478137.2927 -945.1431322 1000.0431322 -66.37970293 -424.2752553 189.60199783 58.830000000 0.1971441561 190.55000000
 1206.0000000 434980.84484 6478116.2960 -958.0670816 1012.9670816 -70.29015859 -445.2719919 189.60199783 58.830000000 0.0000000000 190.55000000
