434018.724253 6478308.868507 3170.289618
434127.521428 6478258.627028 3107.483534
434104.593027 6478432.146574 3172.037538
433988.759619 6478475.074206 3231.621826
434214.869060 6478407.454328 3115.383440
434069.216252 6478596.215922 3232.172546
433906.806632 6478360.837882 3230.430075
434237.018198 6478262.548577 3059.536429
434194.802743 6478563.345257 3168.650431
433939.916687 6478629.923586 3292.755115
433867.039800 6478522.910608 3289.398874
434120.390220 6478122.263096 3077.253299
434328.684666 6478380.679071 3055.483033
434317.776585 6478531.068705 3103.244702
433795.770082 6478424.149562 3287.423729
434005.957783 6478166.445170 3141.414553
434242.415443 6478121.521476 3016.430556
434360.134649 6478230.823248 2994.690667
433805.850790 6478664.702176 3349.439356
433686.130452 6478492.689947 3343.194293
434018.724253 6478308.868507 3170.289618
434032.854513 6477994.288453 3120.727406
434136.965295 6477970.969440 3051.732215
434439.379181 6478499.104903 3036.883564
434438.916754 6478364.359692 3000.106763
433878.183389 6478207.240192 3214.193305
433951.164415 6478075.221339 3177.102196
434378.275366 6478087.814335 2945.758301
434239.072690 6477957.095332 2985.978888
434491.045986 6478262.982112 2944.901626
433619.730403 6478597.907779 3393.430209
433906.806632 6478360.837882 3230.430075
433941.175059 6477892.986801 3201.356076
434045.854277 6477842.858858 3122.509007
434147.962854 6477813.829936 3045.873348
434558.375867 6478467.738490 2968.815471
433564.023334 6478446.010190 3373.760768
433668.785910 6478700.145906 3403.360325
433805.220231 6478302.991507 3260.262090
433849.900597 6478053.529512 3245.924597
434547.972915 6478145.662419 2885.797999
434339.051360 6477908.229840 2930.600387
434256.822071 6477778.430626 2973.842559
434584.849170 6478379.442494 2931.220006
433491.151639 6478571.534699 3432.930302
433642.812294 6478322.825225 3328.326460
433527.087014 6478736.699730 3455.952612
433795.770082 6478424.149562 3287.423729
433744.345140 6478191.251746 3293.840584
433833.974662 6477911.411507 3278.264174
433966.447283 6477724.064332 3198.349202
434059.709328 6477691.522554 3119.470923
434484.790650 6477999.774470 2881.230071
434611.322474 6478291.146497 2893.624541
434179.968434 6477668.515618 3031.183220
434674.572023 6478437.014243 2898.918671
433395.563063 6478425.123030 3446.308101
433496.899197 6478307.293276 3400.684843
433739.358251 6478059.039959 3322.730821
433871.009293 6477756.597835 3278.872185
434422.533893 6477853.712706 2886.223585
434363.799366 6477710.749461 2912.156431
434278.568947 6477605.613406 2960.585209
433398.503795 6478679.809863 3489.586704
433370.692535 6478535.573776 3474.305151
433618.256830 6478171.924402 3368.239816
433738.453181 6477936.165491 3351.262169
433778.435839 6477796.036759 3352.342646
433973.689904 6477554.745942 3182.716505
433890.724273 6477587.621804 3260.026451
434113.633180 6477587.753944 3075.750719
434188.590268 6477506.496999 3012.297237
433261.352339 6478402.235877 3533.291900
433369.774237 6478297.872047 3480.380540
433504.924213 6478163.394330 3442.377678
433631.224934 6478019.115851 3408.157201
433810.560738 6477627.164669 3335.626614
434033.655802 6477521.556973 3127.327292
433290.705111 6478556.186941 3516.181459
433666.274242 6477859.597811 3427.007236
433729.295865 6477705.884838 3412.429825
434011.867542 6477369.778969 3120.435473
433896.939945 6477427.251242 3225.380597
433793.686813 6477454.654476 3320.975784
434098.885273 6477439.227150 3066.106811
433273.088657 6478238.876186 3553.629530
433393.743370 6478155.149739 3510.983582
433535.281552 6478011.334174 3476.148791
433723.315676 6477563.208636 3408.336280
433649.689005 6477685.936157 3478.333250
433587.243175 6477828.755695 3499.918775
433920.995154 6477301.552276 3173.124522
433815.961282 6477282.879023 3247.409386
433672.703942 6477436.508702 3409.051254
433286.409211 6478085.791394 3594.694552
433417.120112 6478036.575879 3540.749022
433500.119805 6477900.587068 3537.467712
433608.528248 6477520.671974 3489.008673
433716.082465 6477309.423582 3326.944982
433565.357392 6477658.471277 3554.604546
433477.903074 6477774.090319 3592.783268
433617.105531 6477335.744008 3406.326260
433518.461490 6477361.984505 3485.752096
433391.018592 6477912.351825 3595.590382
433489.512716 6477501.776030 3566.704498
433299.708203 6477932.717558 3635.561356
433436.478342 6477622.380740 3627.226895
433312.240509 6477773.344862 3665.659399
433414.304161 6477389.569812 3565.203089
433328.560327 6477443.104427 3636.597991
433322.997225 6477606.978847 3675.042277
434018.724253 6478308.868507 3170.289618
434127.521428 6478258.627028 3107.483534
434005.957783 6478166.445170 3141.414553
434120.390220 6478122.263096 3077.253299
433878.183389 6478207.240192 3214.193305
434237.018198 6478262.548577 3059.536429
434032.854513 6477994.288453 3120.727406
433951.164415 6478075.221339 3177.102196
433906.806632 6478360.837882 3230.430075
434242.415443 6478121.521476 3016.430556
434214.869060 6478407.454328 3115.383440
434136.965295 6477970.969440 3051.732215
433849.900597 6478053.529512 3245.924597
433805.220231 6478302.991507 3260.262090
434360.134649 6478230.823248 2994.690667
434104.593027 6478432.146574 3172.037538
434328.684666 6478380.679071 3055.483033
434045.854277 6477842.858858 3122.509007
433941.175059 6477892.986801 3201.356076
433744.345140 6478191.251746 3293.840584
433795.770082 6478424.149562 3287.423729
434239.072690 6477957.095332 2985.978888
434378.275366 6478087.814335 2945.758301
434194.802743 6478563.345257 3168.650431
434018.724253 6478308.868507 3170.289618
434317.776585 6478531.068705 3103.244702
434147.962854 6477813.829936 3045.873348
433739.358251 6478059.039959 3322.730821
433833.974662 6477911.411507 3278.264174
433642.812294 6478322.825225 3328.326460
434438.916754 6478364.359692 3000.106763
434491.045986 6478262.982112 2944.901626
434069.216252 6478596.215922 3232.172546
433988.759619 6478475.074206 3231.621826
434439.379181 6478499.104903 3036.883564
434059.709328 6477691.522554 3119.470923
433966.447283 6477724.064332 3198.349202
433618.256830 6478171.924402 3368.239816
433871.009293 6477756.597835 3278.872185
433686.130452 6478492.689947 3343.194293
434339.051360 6477908.229840 2930.600387
434256.822071 6477778.430626 2973.842559
434547.972915 6478145.662419 2885.797999
433906.806632 6478360.837882 3230.430075
434179.968434 6477668.515618 3031.183220
433631.224934 6478019.115851 3408.157201
433738.453181 6477936.165491 3351.262169
433778.435839 6477796.036759 3352.342646
433496.899197 6478307.293276 3400.684843
433564.023334 6478446.010190 3373.760768
434484.790650 6477999.774470 2881.230071
434558.375867 6478467.738490 2968.815471
434611.322474 6478291.146497 2893.624541
433939.916687 6478629.923586 3292.755115
433867.039800 6478522.910608 3289.398874
433973.689904 6477554.745942 3182.716505
434113.633180 6477587.753944 3075.750719
433890.724273 6477587.621804 3260.026451
433504.924213 6478163.394330 3442.377678
433810.560738 6477627.164669 3335.626614
433619.730403 6478597.907779 3393.430209
434363.799366 6477710.749461 2912.156431
434422.533893 6477853.712706 2886.223585
434278.568947 6477605.613406 2960.585209
434584.849170 6478379.442494 2931.220006
433795.770082 6478424.149562 3287.423729
434033.655802 6477521.556973 3127.327292
434188.590268 6477506.496999 3012.297237
433535.281552 6478011.334174 3476.148791
433666.274242 6477859.597811 3427.007236
433729.295865 6477705.884838 3412.429825
433369.774237 6478297.872047 3480.380540
433395.563063 6478425.123030 3446.308101
433805.850790 6478664.702176 3349.439356
433491.151639 6478571.534699 3432.930302
434674.572023 6478437.014243 2898.918671
433896.939945 6477427.251242 3225.380597
434011.867542 6477369.778969 3120.435473
434098.885273 6477439.227150 3066.106811
433793.686813 6477454.654476 3320.975784
433393.743370 6478155.149739 3510.983582
433723.315676 6477563.208636 3408.336280
433668.785910 6478700.145906 3403.360325
433527.087014 6478736.699730 3455.952612
433587.243175 6477828.755695 3499.918775
433417.120112 6478036.575879 3540.749022
433649.689005 6477685.936157 3478.333250
433273.088657 6478238.876186 3553.629530
433261.352339 6478402.235877 3533.291900
433370.692535 6478535.573776 3474.305151
433398.503795 6478679.809863 3489.586704
433815.961282 6477282.879023 3247.409386
433920.995154 6477301.552276 3173.124522
433672.703942 6477436.508702 3409.051254
433500.119805 6477900.587068 3537.467712
433286.409211 6478085.791394 3594.694552
433608.528248 6477520.671974 3489.008673
433716.082465 6477309.423582 3326.944982
433565.357392 6477658.471277 3554.604546
433477.903074 6477774.090319 3592.783268
433391.018592 6477912.351825 3595.590382
433290.705111 6478556.186941 3516.181459
433518.461490 6477361.984505 3485.752096
433617.105531 6477335.744008 3406.326260
433299.708203 6477932.717558 3635.561356
433489.512716 6477501.776030 3566.704498
433436.478342 6477622.380740 3627.226895
433312.240509 6477773.344862 3665.659399
433414.304161 6477389.569812 3565.203089
433328.560327 6477443.104427 3636.597991
433322.997225 6477606.978847 3675.042277
