434592.336618 6477138.138023 1027.323784
434456.185241 6477022.981491 1035.206196
434556.966094 6477043.553373 1090.878904
434456.727896 6476917.492311 1112.462579
434666.077630 6477064.200641 1138.670011
434557.574430 6476954.583077 1157.902320
434356.549239 6476869.138262 1075.445238
434758.688117 6477160.714670 1105.235282
434447.402291 6476828.329035 1170.705873
434665.934888 6476971.391348 1218.472226
434785.397169 6477072.198428 1198.591142
434750.668808 6477231.303401 1030.491599
434550.363906 6476870.860684 1215.101905
434869.078015 6477168.643371 1154.376971
434898.846665 6477284.522612 1054.358336
434537.798021 6476789.150464 1267.003661
434797.520583 6476991.705591 1275.025394
434659.403814 6476869.931832 1288.285068
434972.505016 6477172.726169 1203.416131
434940.562090 6477100.352339 1257.709921
434998.955010 6477246.449900 1144.791922
435095.741654 6477206.990916 1236.622256
434556.966094 6477043.553373 1090.878904
434456.185241 6477022.981491 1035.206196
434592.336618 6477138.138023 1027.323784
434666.077630 6477064.200641 1138.670011
434456.727896 6476917.492311 1112.462579
434758.688117 6477160.714670 1105.235282
434557.574430 6476954.583077 1157.902320
434356.549239 6476869.138262 1075.445238
434750.668808 6477231.303401 1030.491599
434785.397169 6477072.198428 1198.591142
434665.934888 6476971.391348 1218.472226
434447.402291 6476828.329035 1170.705873
434898.846665 6477284.522612 1054.358336
434869.078015 6477168.643371 1154.376971
434550.363906 6476870.860684 1215.101905
434797.520583 6476991.705591 1275.025394
434972.505016 6477172.726169 1203.416131
434659.403814 6476869.931832 1288.285068
434537.798021 6476789.150464 1267.003661
434998.955010 6477246.449900 1144.791922
434940.562090 6477100.352339 1257.709921
435095.741654 6477206.990916 1236.622256
