435131.951880 6480872.096719 1091.746728
435071.001403 6480868.174783 1021.786725
435007.778463 6480716.481876 1024.449048
435123.769467 6480747.840987 1136.108089
435128.339314 6481022.475271 1019.383409
435049.702239 6480647.382447 1101.219323
435217.351090 6480879.809061 1184.562257
435201.422352 6481027.668308 1108.717045
434943.523026 6480565.233066 1027.156802
435115.532571 6480592.059116 1191.863714
435194.448015 6480721.618464 1221.499044
435208.710963 6481163.326370 1015.964185
435021.840271 6480507.941839 1131.434975
435300.582623 6480863.655249 1280.694800
435283.692964 6481021.758891 1198.295075
435291.526537 6481158.055972 1107.258422
434873.940282 6480416.330516 1030.099008
435178.001947 6480526.148141 1281.857309
435049.713593 6480424.219398 1199.906220
435241.768559 6480693.987837 1281.165301
435334.939475 6481281.323195 1010.525059
434934.485787 6480370.087237 1113.152635
435369.350520 6481030.159826 1279.784867
435372.814706 6481151.485305 1197.096433
435413.849132 6481263.624905 1110.667207
434820.897698 6480261.143457 1032.313962
435113.489427 6480358.430630 1282.580950
434974.337067 6480250.850531 1190.933376
434888.359084 6480197.095256 1119.364145
435057.548943 6480322.899678 1246.289532
435488.810232 6481173.948360 1276.562454
435490.756981 6481241.633047 1212.429415
434790.815959 6480100.003106 1033.521209
435067.931228 6480185.863455 1282.481057
434899.314825 6480042.813555 1147.404656
434977.284487 6480071.066852 1216.846626
434842.718754 6479938.422245 1091.725274
434929.079201 6479905.768333 1172.075695
435050.565345 6480023.883148 1280.286162
434781.991807 6479935.675410 1033.797056
435006.203614 6479980.752487 1240.772161
434854.325641 6479780.833807 1100.677007
434781.757854 6479771.288171 1033.697345
435044.169697 6479861.742111 1272.295413
434909.141983 6479709.837165 1154.228277
434969.166333 6479813.296892 1204.823926
434774.472784 6479608.687611 1033.907067
435031.614699 6479701.574299 1261.649073
434899.258711 6479578.440213 1158.106468
434841.430877 6479457.294774 1121.415360
434981.566690 6479550.398300 1240.474082
434768.884612 6479443.540211 1040.801108
434925.826196 6479396.850773 1218.977215
434791.552218 6479328.060911 1080.049015
434863.134434 6479311.675898 1170.154441
435007.778463 6480716.481876 1024.449048
435071.001403 6480868.174783 1021.786725
435131.951880 6480872.096719 1091.746728
435128.339314 6481022.475271 1019.383409
435123.769467 6480747.840987 1136.108089
435201.422352 6481027.668308 1108.717045
435217.351090 6480879.809061 1184.562257
435049.702239 6480647.382447 1101.219323
435208.710963 6481163.326370 1015.964185
435194.448015 6480721.618464 1221.499044
435115.532571 6480592.059116 1191.863714
434943.523026 6480565.233066 1027.156802
435283.692964 6481021.758891 1198.295075
435291.526537 6481158.055972 1107.258422
435300.582623 6480863.655249 1280.694800
435021.840271 6480507.941839 1131.434975
435334.939475 6481281.323195 1010.525059
435241.768559 6480693.987837 1281.165301
435178.001947 6480526.148141 1281.857309
435049.713593 6480424.219398 1199.906220
434873.940282 6480416.330516 1030.099008
435372.814706 6481151.485305 1197.096433
435369.350520 6481030.159826 1279.784867
435413.849132 6481263.624905 1110.667207
434934.485787 6480370.087237 1113.152635
435113.489427 6480358.430630 1282.580950
434974.337067 6480250.850531 1190.933376
434820.897698 6480261.143457 1032.313962
435490.756981 6481241.633047 1212.429415
435488.810232 6481173.948360 1276.562454
435057.548943 6480322.899678 1246.289532
434888.359084 6480197.095256 1119.364145
435067.931228 6480185.863455 1282.481057
434899.314825 6480042.813555 1147.404656
434790.815959 6480100.003106 1033.521209
434977.284487 6480071.066852 1216.846626
435050.565345 6480023.883148 1280.286162
434929.079201 6479905.768333 1172.075695
434842.718754 6479938.422245 1091.725274
435006.203614 6479980.752487 1240.772161
434781.991807 6479935.675410 1033.797056
435044.169697 6479861.742111 1272.295413
434854.325641 6479780.833807 1100.677007
434781.757854 6479771.288171 1033.697345
434969.166333 6479813.296892 1204.823926
434909.141983 6479709.837165 1154.228277
435031.614699 6479701.574299 1261.649073
434774.472784 6479608.687611 1033.907067
434899.258711 6479578.440213 1158.106468
434841.430877 6479457.294774 1121.415360
434981.566690 6479550.398300 1240.474082
434925.826196 6479396.850773 1218.977215
434768.884612 6479443.540211 1040.801108
434863.134434 6479311.675898 1170.154441
434791.552218 6479328.060911 1080.049015
