436379.548029 6477682.369353 1242.701652
436248.218651 6477592.692278 1223.005134
436275.292972 6477540.873143 1277.043698
436129.419053 6477471.380722 1229.110467
436269.500232 6477709.189350 1155.337081
436131.250218 6477582.367227 1152.803834
436168.814393 6477408.157052 1302.085433
436007.343983 6477402.230869 1195.501110
436021.519712 6477315.922247 1273.764731
436157.654578 6477727.968730 1070.294878
435969.948006 6477477.044472 1111.554699
436030.228444 6477573.621256 1086.124560
435871.843540 6477223.152839 1245.553678
435891.501947 6477352.839759 1151.321074
436043.005702 6477674.319663 1027.249657
435856.041222 6477380.527251 1102.636374
435925.450296 6477538.475334 1034.835306
435780.243240 6477245.546318 1155.728246
435813.359435 6477413.846980 1043.747829
435796.346706 6477329.945988 1097.962596
435695.160230 6477285.484581 1054.751371
436275.292972 6477540.873143 1277.043698
436248.218651 6477592.692278 1223.005134
436379.548029 6477682.369353 1242.701652
436269.500232 6477709.189350 1155.337081
436129.419053 6477471.380722 1229.110467
436131.250218 6477582.367227 1152.803834
436168.814393 6477408.157052 1302.085433
436157.654578 6477727.968730 1070.294878
436021.519712 6477315.922247 1273.764731
436007.343983 6477402.230869 1195.501110
436030.228444 6477573.621256 1086.124560
435969.948006 6477477.044472 1111.554699
436043.005702 6477674.319663 1027.249657
435871.843540 6477223.152839 1245.553678
435891.501947 6477352.839759 1151.321074
435925.450296 6477538.475334 1034.835306
435856.041222 6477380.527251 1102.636374
435813.359435 6477413.846980 1043.747829
435780.243240 6477245.546318 1155.728246
435796.346706 6477329.945988 1097.962596
435695.160230 6477285.484581 1054.751371
