433497.691863 6478409.335292 2710.326383
433530.099176 6478217.550258 2656.869213
433554.400961 6478389.005660 2645.818087
433452.007712 6478236.700966 2734.384516
433591.568394 6478558.582715 2638.423899
433419.487851 6478367.828717 2789.865844
433462.294826 6478059.250845 2665.479422
433457.422528 6478546.087373 2774.865497
433372.911762 6478222.471217 2813.144219
433401.010845 6478081.091254 2730.401274
433531.581967 6478676.167707 2714.022354
433353.301073 6478488.167130 2887.367202
433319.504608 6478313.684473 2892.115914
433371.179682 6477911.485271 2669.846657
433459.435032 6478712.008653 2795.191969
433642.725265 6478724.411805 2635.181097
433389.777558 6478658.489885 2865.775771
433309.014534 6478075.831810 2788.088919
433250.236047 6478156.453556 2866.375296
433259.350741 6477971.138885 2765.177362
433512.232904 6478845.281139 2780.687327
433600.917790 6478841.616929 2705.236574
433332.453865 6478665.945884 2933.429405
433256.934556 6478392.896759 2977.927336
433190.893072 6478252.538642 2951.469775
433270.431665 6477769.704633 2670.929594
433413.898598 6478832.960789 2866.218293
433708.051470 6478885.614572 2636.228257
433269.686690 6478530.132867 2997.545590
433143.243629 6478023.855133 2854.857404
433136.116193 6478132.180739 2923.514250
433180.547112 6477800.047639 2729.734294
433587.251050 6478988.062929 2766.943746
433492.191616 6478990.230060 2846.975637
433684.622947 6478988.807418 2693.801546
433338.979947 6478826.221245 2950.297278
433276.259741 6478674.221900 3001.439405
433152.881341 6478457.323193 3075.821539
433142.966154 6478331.926442 3026.343996
433148.139160 6477899.324478 2790.050272
433054.954953 6478195.390667 3003.096675
433175.484490 6477623.940990 2674.056004
433395.804058 6478994.251341 2936.402523
433785.196715 6479041.436925 2641.009924
433203.386839 6478629.280628 3083.772925
433001.179080 6477933.719579 2881.878812
433015.982247 6478066.410308 2948.683800
433077.772909 6477655.031663 2736.798456
433012.924319 6477789.047656 2810.854201
433668.639216 6479113.223064 2747.370883
433581.298648 6479144.938491 2820.098380
433485.324293 6479145.431520 2896.896983
433770.077363 6479146.719701 2693.736709
433253.362658 6478781.055623 3041.638129
433293.513451 6478931.391490 3026.387831
433098.087396 6478550.756158 3152.946002
433033.777008 6478302.396224 3073.463495
432933.923905 6478148.941676 3040.503814
433095.113657 6477470.304016 2681.947075
433407.191503 6479155.335207 2968.547673
433872.895059 6479191.291047 2649.245557
433324.788792 6479079.374627 3035.028184
433199.590789 6478837.719273 3106.889175
433125.246612 6478719.535565 3162.921614
433011.462044 6478395.721026 3135.021582
432893.394181 6477996.536398 2972.790232
432882.679005 6477838.042642 2900.131928
432993.884226 6477526.946692 2747.329311
432956.480393 6477643.561876 2796.086943
433722.403311 6479238.652726 2758.860418
433553.943406 6479293.790276 2885.880525
433457.773611 6479300.528028 2965.116806
433837.201662 6479302.163328 2714.305833
433238.886326 6479017.785920 3112.251660
433010.888041 6478627.162952 3241.715303
432986.749651 6478489.637040 3201.448384
432902.496818 6478242.683009 3110.213371
432859.893231 6477678.358986 2854.166653
432815.320703 6478073.735951 3056.765792
432934.033116 6477410.807638 2759.842846
433665.921601 6479288.895950 2811.999117
433347.805691 6479227.339802 3038.795550
433977.421618 6479327.481105 2663.414520
433269.431080 6479209.258536 3117.496104
433149.730444 6478916.716642 3180.309398
433059.512806 6478811.638484 3243.824775
432879.343734 6478353.989353 3181.867359
432782.236037 6477894.681927 2980.883776
432763.760534 6477722.483311 2918.956194
433019.662626 6477314.381128 2691.381908
432852.985401 6477518.065573 2818.015699
433796.693389 6479395.653975 2788.073503
433659.530440 6479403.624816 2875.092125
433521.857074 6479431.310659 2976.902648
433383.252396 6479357.398047 3052.722906
433947.353078 6479421.720424 2731.319672
433181.286233 6479101.038745 3190.033863
432959.997044 6478730.101860 3318.858799
432878.261037 6478471.270697 3252.446643
432779.379524 6478209.467219 3151.516997
432732.877850 6477554.911266 2887.085702
432704.987375 6477956.992991 3052.895330
432879.590453 6477294.505842 2774.151086
432775.845349 6477365.630554 2842.507285
434093.980353 6479456.002192 2681.610230
433198.892412 6479281.616650 3205.503323
433094.698711 6478997.288822 3260.523066
432999.867377 6478908.137330 3333.996375
432864.379847 6478587.151691 3317.394779
432759.955831 6478326.612446 3231.462263
432697.340962 6478086.677695 3124.875095
432686.988638 6477776.671774 2981.225309
432633.541696 6477606.851644 2954.028635
432626.466488 6477847.406231 3040.076164
432940.606482 6477159.213054 2699.845053
433937.649592 6479512.967704 2796.228044
433782.870519 6479495.068129 2861.955955
433642.809604 6479503.158358 2938.593929
433418.160224 6479496.366060 3086.422433
433297.915902 6479392.718299 3142.835282
434074.368717 6479530.398823 2740.962587
433115.577009 6479165.254861 3275.740442
432912.984287 6478854.479597 3395.721382
432834.857374 6478710.812665 3393.582219
432748.214122 6478452.947071 3313.954342
432640.130166 6478182.709187 3207.605203
432579.677836 6477470.602371 2969.714274
432585.701649 6477955.316133 3112.049484
432719.164358 6477205.803121 2833.498644
432816.542110 6477174.618695 2772.972712
432656.949689 6477404.955569 2910.656058
433638.905304 6479603.373026 2997.292628
433531.715311 6479556.376626 3038.786931
434220.406750 6479585.430143 2702.369830
433239.327629 6479464.662739 3230.839015
433141.113152 6479355.945548 3286.743135
433016.794147 6479051.754075 3353.571953
432733.028506 6478576.588117 3391.059038
432655.212526 6478328.085315 3288.056506
432547.944811 6478042.296106 3175.001586
432561.679708 6477702.571062 3018.095722
432507.718977 6477565.625944 3033.564359
432511.855602 6477818.704622 3089.838750
432624.005787 6477225.101511 2893.064352
432846.320870 6477014.629643 2707.945509
434105.727955 6479623.279220 2786.365912
433903.182424 6479585.262911 2858.609053
433762.524938 6479595.758260 2932.797573
433469.657263 6479656.335760 3125.691347
433346.198029 6479567.528929 3176.796022
433062.603703 6479239.342977 3347.798521
432882.597585 6479013.183268 3465.086811
432804.719901 6478859.260791 3470.600380
432713.930289 6478710.883915 3466.014729
432621.870556 6478451.146823 3381.910718
432544.285725 6478222.406204 3281.509347
432480.626762 6478102.928320 3244.371464
432544.448422 6477290.158043 2958.999169
432481.351230 6477400.392605 3025.656740
432449.395823 6477901.507867 3154.523910
432596.154999 6477057.032516 2857.932542
432719.924022 6477035.503284 2782.740330
433987.384589 6479654.402019 2861.929687
433604.733543 6479704.851357 3066.152210
433737.004950 6479712.836898 3001.702655
432976.392398 6479125.269800 3407.145091
432609.633050 6478572.652156 3456.673165
432557.746664 6478345.157916 3350.550875
432394.891712 6477976.862930 3218.759647
432456.630505 6477679.693490 3087.406408
432412.574141 6477499.616109 3091.357886
432389.914497 6477752.829520 3148.001429
432493.857885 6477085.425141 2939.071463
433863.984137 6479684.148006 2932.746357
432496.174282 6478442.304591 3443.979061
432444.352786 6478276.151564 3369.132731
432402.063122 6478165.675062 3324.180133
432334.817887 6478036.835187 3288.212896
432434.866383 6477233.121656 3023.802192
432369.534177 6477325.074767 3093.325320
432322.918521 6477838.663621 3210.899973
432252.192602 6477902.173754 3276.027192
432351.357625 6477597.576200 3149.511940
432310.444746 6477441.328241 3157.672899
432282.139554 6477693.997086 3213.356150
432396.742606 6477112.868585 3022.423242
432380.029158 6478316.601944 3430.006946
432266.860962 6478187.700286 3417.204751
432279.903872 6478099.253196 3356.816921
432193.700791 6477957.068523 3341.620957
432300.484280 6477140.597359 3106.388588
432263.966164 6477289.772013 3165.610925
432200.642476 6477750.673593 3281.635610
432125.955697 6477785.431483 3342.478554
432238.360677 6477547.850405 3224.314295
432209.707515 6477416.685254 3226.574540
432166.440991 6477616.935800 3285.650250
432167.071794 6478047.701477 3409.245771
432084.824439 6477895.480572 3407.342623
432198.989130 6477170.831887 3189.538691
432147.617609 6477291.692853 3248.000675
432035.484071 6477736.004040 3401.296051
432110.770931 6477439.971923 3299.487916
432073.309815 6477587.639464 3350.325570
433497.691863 6478409.335292 2710.326383
433554.400961 6478389.005660 2645.818087
433530.099176 6478217.550258 2656.869213
433591.568394 6478558.582715 2638.423899
433452.007712 6478236.700966 2734.384516
433457.422528 6478546.087373 2774.865497
433462.294826 6478059.250845 2665.479422
433419.487851 6478367.828717 2789.865844
433531.581967 6478676.167707 2714.022354
433401.010845 6478081.091254 2730.401274
433372.911762 6478222.471217 2813.144219
433353.301073 6478488.167130 2887.367202
433642.725265 6478724.411805 2635.181097
433459.435032 6478712.008653 2795.191969
433371.179682 6477911.485271 2669.846657
433319.504608 6478313.684473 2892.115914
433389.777558 6478658.489885 2865.775771
433600.917790 6478841.616929 2705.236574
433512.232904 6478845.281139 2780.687327
433259.350741 6477971.138885 2765.177362
433309.014534 6478075.831810 2788.088919
433250.236047 6478156.453556 2866.375296
433256.934556 6478392.896759 2977.927336
433332.453865 6478665.945884 2933.429405
433708.051470 6478885.614572 2636.228257
433413.898598 6478832.960789 2866.218293
433270.431665 6477769.704633 2670.929594
433190.893072 6478252.538642 2951.469775
433269.686690 6478530.132867 2997.545590
433684.622947 6478988.807418 2693.801546
433587.251050 6478988.062929 2766.943746
433492.191616 6478990.230060 2846.975637
433180.547112 6477800.047639 2729.734294
433143.243629 6478023.855133 2854.857404
433136.116193 6478132.180739 2923.514250
433142.966154 6478331.926442 3026.343996
433152.881341 6478457.323193 3075.821539
433276.259741 6478674.221900 3001.439405
433338.979947 6478826.221245 2950.297278
433785.196715 6479041.436925 2641.009924
433395.804058 6478994.251341 2936.402523
433148.139160 6477899.324478 2790.050272
433175.484490 6477623.940990 2674.056004
433054.954953 6478195.390667 3003.096675
433203.386839 6478629.280628 3083.772925
433668.639216 6479113.223064 2747.370883
433770.077363 6479146.719701 2693.736709
433581.298648 6479144.938491 2820.098380
433485.324293 6479145.431520 2896.896983
433012.924319 6477789.047656 2810.854201
433077.772909 6477655.031663 2736.798456
433001.179080 6477933.719579 2881.878812
433015.982247 6478066.410308 2948.683800
433033.777008 6478302.396224 3073.463495
433098.087396 6478550.756158 3152.946002
433253.362658 6478781.055623 3041.638129
433293.513451 6478931.391490 3026.387831
433872.895059 6479191.291047 2649.245557
433407.191503 6479155.335207 2968.547673
433095.113657 6477470.304016 2681.947075
432933.923905 6478148.941676 3040.503814
433011.462044 6478395.721026 3135.021582
433125.246612 6478719.535565 3162.921614
433199.590789 6478837.719273 3106.889175
433324.788792 6479079.374627 3035.028184
433722.403311 6479238.652726 2758.860418
433837.201662 6479302.163328 2714.305833
433553.943406 6479293.790276 2885.880525
433457.773611 6479300.528028 2965.116806
432956.480393 6477643.561876 2796.086943
432882.679005 6477838.042642 2900.131928
432993.884226 6477526.946692 2747.329311
432893.394181 6477996.536398 2972.790232
432902.496818 6478242.683009 3110.213371
432986.749651 6478489.637040 3201.448384
433010.888041 6478627.162952 3241.715303
433238.886326 6479017.785920 3112.251660
433665.921601 6479288.895950 2811.999117
433977.421618 6479327.481105 2663.414520
433347.805691 6479227.339802 3038.795550
432859.893231 6477678.358986 2854.166653
432934.033116 6477410.807638 2759.842846
432815.320703 6478073.735951 3056.765792
432879.343734 6478353.989353 3181.867359
433059.512806 6478811.638484 3243.824775
433149.730444 6478916.716642 3180.309398
433269.431080 6479209.258536 3117.496104
433796.693389 6479395.653975 2788.073503
433947.353078 6479421.720424 2731.319672
433521.857074 6479431.310659 2976.902648
433659.530440 6479403.624816 2875.092125
433383.252396 6479357.398047 3052.722906
432852.985401 6477518.065573 2818.015699
432763.760534 6477722.483311 2918.956194
432782.236037 6477894.681927 2980.883776
433019.662626 6477314.381128 2691.381908
432779.379524 6478209.467219 3151.516997
432878.261037 6478471.270697 3252.446643
432959.997044 6478730.101860 3318.858799
433181.286233 6479101.038745 3190.033863
434093.980353 6479456.002192 2681.610230
432732.877850 6477554.911266 2887.085702
432775.845349 6477365.630554 2842.507285
432879.590453 6477294.505842 2774.151086
432704.987375 6477956.992991 3052.895330
432697.340962 6478086.677695 3124.875095
432759.955831 6478326.612446 3231.462263
432864.379847 6478587.151691 3317.394779
432999.867377 6478908.137330 3333.996375
433094.698711 6478997.288822 3260.523066
433198.892412 6479281.616650 3205.503323
433782.870519 6479495.068129 2861.955955
433937.649592 6479512.967704 2796.228044
434074.368717 6479530.398823 2740.962587
433642.809604 6479503.158358 2938.593929
433418.160224 6479496.366060 3086.422433
433297.915902 6479392.718299 3142.835282
432633.541696 6477606.851644 2954.028635
432686.988638 6477776.671774 2981.225309
432940.606482 6477159.213054 2699.845053
432626.466488 6477847.406231 3040.076164
432640.130166 6478182.709187 3207.605203
432748.214122 6478452.947071 3313.954342
432834.857374 6478710.812665 3393.582219
432912.984287 6478854.479597 3395.721382
433115.577009 6479165.254861 3275.740442
434220.406750 6479585.430143 2702.369830
433638.905304 6479603.373026 2997.292628
433531.715311 6479556.376626 3038.786931
432656.949689 6477404.955569 2910.656058
432579.677836 6477470.602371 2969.714274
432719.164358 6477205.803121 2833.498644
432816.542110 6477174.618695 2772.972712
432585.701649 6477955.316133 3112.049484
432547.944811 6478042.296106 3175.001586
432655.212526 6478328.085315 3288.056506
432733.028506 6478576.588117 3391.059038
433016.794147 6479051.754075 3353.571953
433141.113152 6479355.945548 3286.743135
433239.327629 6479464.662739 3230.839015
433903.182424 6479585.262911 2858.609053
433762.524938 6479595.758260 2932.797573
434105.727955 6479623.279220 2786.365912
433346.198029 6479567.528929 3176.796022
433469.657263 6479656.335760 3125.691347
432624.005787 6477225.101511 2893.064352
432507.718977 6477565.625944 3033.564359
432561.679708 6477702.571062 3018.095722
432846.320870 6477014.629643 2707.945509
432511.855602 6477818.704622 3089.838750
432480.626762 6478102.928320 3244.371464
432544.285725 6478222.406204 3281.509347
432621.870556 6478451.146823 3381.910718
432713.930289 6478710.883915 3466.014729
432804.719901 6478859.260791 3470.600380
432882.597585 6479013.183268 3465.086811
433062.603703 6479239.342977 3347.798521
433987.384589 6479654.402019 2861.929687
433737.004950 6479712.836898 3001.702655
433604.733543 6479704.851357 3066.152210
432544.448422 6477290.158043 2958.999169
432481.351230 6477400.392605 3025.656740
432719.924022 6477035.503284 2782.740330
432596.154999 6477057.032516 2857.932542
432449.395823 6477901.507867 3154.523910
432394.891712 6477976.862930 3218.759647
432557.746664 6478345.157916 3350.550875
432609.633050 6478572.652156 3456.673165
432976.392398 6479125.269800 3407.145091
433863.984137 6479684.148006 2932.746357
432493.857885 6477085.425141 2939.071463
432456.630505 6477679.693490 3087.406408
432412.574141 6477499.616109 3091.357886
432389.914497 6477752.829520 3148.001429
432334.817887 6478036.835187 3288.212896
432402.063122 6478165.675062 3324.180133
432444.352786 6478276.151564 3369.132731
432496.174282 6478442.304591 3443.979061
432434.866383 6477233.121656 3023.802192
432369.534177 6477325.074767 3093.325320
432322.918521 6477838.663621 3210.899973
432252.192602 6477902.173754 3276.027192
432396.742606 6477112.868585 3022.423242
432351.357625 6477597.576200 3149.511940
432310.444746 6477441.328241 3157.672899
432282.139554 6477693.997086 3213.356150
432193.700791 6477957.068523 3341.620957
432279.903872 6478099.253196 3356.816921
432266.860962 6478187.700286 3417.204751
432380.029158 6478316.601944 3430.006946
432300.484280 6477140.597359 3106.388588
432263.966164 6477289.772013 3165.610925
432200.642476 6477750.673593 3281.635610
432125.955697 6477785.431483 3342.478554
432238.360677 6477547.850405 3224.314295
432209.707515 6477416.685254 3226.574540
432166.440991 6477616.935800 3285.650250
432167.071794 6478047.701477 3409.245771
432084.824439 6477895.480572 3407.342623
432198.989130 6477170.831887 3189.538691
432147.617609 6477291.692853 3248.000675
432035.484071 6477736.004040 3401.296051
432110.770931 6477439.971923 3299.487916
432073.309815 6477587.639464 3350.325570
