435641.614589 6477632.344675 2806.320219
435565.290729 6477580.093975 2872.614953
435684.256240 6477549.986076 2887.396740
435448.033601 6477653.122149 2819.186671
435601.465782 6477491.656800 2973.267453
435380.375436 6477588.243809 2900.860785
435561.250301 6477721.472531 2732.608246
435670.288825 6477477.228507 2980.191979
435257.339401 6477658.091978 2838.415027
435468.320775 6477515.365204 2967.703974
435413.977550 6477726.973330 2750.319664
435655.457976 6477412.708426 3074.106709
435275.840099 6477728.174931 2765.418124
435202.919646 6477588.695105 2911.683423
435324.587524 6477513.301819 2988.281324
435478.993746 6477812.043373 2656.868451
435113.516656 6477687.498698 2806.807496
435449.433200 6477447.677318 3056.897604
435323.954665 6477803.002825 2685.736739
435158.492379 6477781.825770 2711.925526
435187.326199 6477517.563332 2990.020601
435038.373538 6477600.380676 2888.502443
435266.756010 6477446.623700 3071.830056
435371.694533 6477874.230305 2608.017097
434997.106640 6477754.191275 2732.300308
435043.305361 6477523.998960 2973.877006
434965.963290 6477664.397282 2818.499983
435376.428575 6477389.251785 3140.277509
435556.949012 6477395.633574 3113.519860
435198.970958 6477863.118127 2627.413764
435030.504741 6477845.024557 2642.301178
435099.244786 6477453.422818 3058.682636
434870.564857 6477544.086288 2936.626168
434841.632226 6477626.984868 2844.425466
435198.098685 6477378.959072 3152.615925
435641.036166 6477352.415459 3164.543906
434862.232960 6477818.768368 2652.624523
434836.017883 6477721.511289 2747.965892
434923.238334 6477454.013048 3046.333028
435488.097056 6477339.086454 3197.846151
435302.195629 6477328.419970 3216.085758
435053.183498 6477398.866294 3120.646146
434697.269029 6477599.569626 2865.513875
434758.393206 6477465.013511 3024.456680
434695.446960 6477680.155681 2778.795123
435142.898406 6477299.586801 3243.449950
435626.457273 6477291.116815 3254.740800
434693.806490 6477794.919698 2664.308426
435046.966463 6477334.665495 3196.629180
434920.523391 6477365.524519 3152.073659
434711.265060 6477533.471835 2944.181459
434777.381836 6477395.336545 3112.981200
435409.820707 6477289.529031 3265.441000
435241.788119 6477257.580698 3299.453559
434572.722315 6477543.237056 2942.734774
434534.293516 6477657.049159 2813.461735
434606.233981 6477482.882295 3011.428151
434603.547874 6477424.369235 3084.036526
434599.236563 6477725.449132 2733.774264
435046.685506 6477226.308199 3324.707556
434958.271929 6477282.081026 3254.150285
435492.602787 6477253.753546 3312.210998
434792.177092 6477311.211203 3213.043465
434525.335869 6477597.381060 2883.779229
434651.961726 6477342.206942 3176.401795
434525.644563 6477778.753183 2680.221494
435345.937271 6477216.297775 3355.376351
435177.031734 6477187.451855 3378.761542
435611.197992 6477229.178599 3344.727557
434474.749279 6477493.541249 3014.695108
434424.661399 6477562.774557 2935.777953
434434.540512 6477709.381092 2762.237724
434355.867097 6477637.306951 2853.060617
434483.693093 6477382.567168 3148.389387
435045.967661 6477134.954929 3430.503872
434831.300397 6477237.220176 3300.466701
435463.094118 6477181.415857 3404.448360
434650.286364 6477239.353297 3296.347791
434413.083990 6477443.212447 3083.605047
434546.911364 6477300.099000 3230.909127
434357.775628 6477768.468819 2699.359405
435319.615682 6477137.014815 3448.942822
434906.814587 6477165.232276 3386.078081
435190.104293 6477116.646379 3463.113165
435590.133875 6477161.936446 3432.965011
434330.394033 6477509.537073 3012.067633
434300.213647 6477579.909825 2929.604330
434260.998267 6477690.386731 2793.467475
434398.263434 6477297.208792 3243.509367
434333.334482 6477372.134577 3169.565949
434905.349978 6477082.635070 3478.568309
435032.015470 6477057.350400 3516.545633
434727.265153 6477153.141283 3390.737932
435471.957391 6477102.096658 3500.428289
434470.232837 6477217.098198 3320.461753
434154.682394 6477590.295184 2901.360054
434258.535527 6477445.382915 3092.721847
434189.871440 6477757.595309 2718.175196
435345.987943 6477059.500341 3542.291041
434773.545432 6477070.140296 3481.996773
435180.308857 6477057.373296 3530.118858
435568.713862 6477091.232750 3520.171116
434549.055036 6477139.550308 3399.280361
434188.590268 6477506.496999 3012.297237
434101.106322 6477671.787249 2813.384414
434217.894813 6477300.902295 3229.819804
434274.074097 6477228.733092 3303.009803
434166.850612 6477375.140749 3149.942902
434864.243901 6476986.037761 3580.989011
435034.865760 6476994.603055 3587.735893
434614.609731 6477056.457328 3485.587766
435376.124283 6477011.548842 3601.129248
435546.992216 6477017.604487 3606.513092
434356.171816 6477145.912013 3380.375373
434010.981488 6477504.868160 2974.338943
434002.064867 6477599.816922 2879.018872
434098.885273 6477439.227150 3066.106811
434021.639425 6477743.050591 2734.999736
435205.468302 6477003.346246 3594.579372
434693.614578 6476977.547363 3574.282804
434438.281388 6477059.713766 3469.505815
433929.257923 6477659.678800 2813.270188
434059.691886 6477289.887746 3214.218713
434111.171616 6477195.736344 3304.631632
434187.193647 6477119.411350 3382.597889
434011.867542 6477369.778969 3120.435473
434523.142151 6476967.694617 3566.836966
434282.000191 6477046.223393 3464.946525
433924.477897 6477426.197445 3045.241778
433882.686451 6477560.208838 2908.365976
433853.768394 6477734.123106 2754.891862
434352.875341 6476956.298727 3558.553679
433824.873265 6477494.568594 2981.693795
433783.989289 6477648.359684 2843.721953
433937.488051 6477191.955308 3279.185138
433920.995154 6477301.552276 3173.124522
434000.641670 6477109.966989 3365.957169
434118.237958 6477025.614542 3456.355147
434182.890902 6476943.027178 3549.252888
433841.514018 6477356.669157 3109.378074
433754.528771 6477447.205707 3055.691366
433718.807205 6477586.491931 2924.394773
433691.066950 6477744.836200 2784.931281
433655.389454 6477536.771111 2998.263744
433613.897224 6477683.336792 2869.520696
433848.430437 6477089.095008 3376.289968
433819.409249 6477231.695467 3251.846367
433972.903796 6477019.371272 3449.826612
434012.173780 6476934.000216 3542.253548
433685.406933 6477398.167689 3130.292357
433766.436220 6477309.627734 3186.203711
433597.504467 6477485.928917 3076.004844
433542.387105 6477640.088167 2941.166355
433746.271525 6477165.106395 3329.912417
433529.112864 6477764.482555 2819.823523
433500.698584 6477579.012489 3020.772371
433406.902266 6477756.043482 2872.239115
433695.570350 6477088.259422 3417.294020
433833.466268 6477011.545227 3459.207359
433678.412365 6477258.739692 3276.242980
433845.503639 6476945.765355 3530.912166
433525.833957 6477443.234669 3151.506698
433618.043980 6477357.238011 3205.105931
433451.739229 6477516.475699 3101.463356
433383.383280 6477673.794493 2964.554378
433577.351884 6477188.414717 3380.062912
433360.282212 6477592.797745 3055.000966
433551.905203 6477087.429126 3469.897725
433696.428503 6477005.181824 3493.511593
433556.527033 6477296.620349 3290.230196
433337.466605 6477512.358004 3143.845688
433460.726659 6477405.281341 3217.188573
433405.503674 6477170.443776 3445.822258
433433.963313 6477256.729076 3365.750580
433434.577771 6477339.416733 3293.173306
433316.703792 6477431.260276 3232.634651
433283.672841 6477253.805710 3409.053925
433300.785524 6477348.155998 3321.237114
435684.256240 6477549.986076 2887.396740
435565.290729 6477580.093975 2872.614953
435641.614589 6477632.344675 2806.320219
435601.465782 6477491.656800 2973.267453
435448.033601 6477653.122149 2819.186671
435670.288825 6477477.228507 2980.191979
435561.250301 6477721.472531 2732.608246
435380.375436 6477588.243809 2900.860785
435655.457976 6477412.708426 3074.106709
435413.977550 6477726.973330 2750.319664
435468.320775 6477515.365204 2967.703974
435257.339401 6477658.091978 2838.415027
435478.993746 6477812.043373 2656.868451
435275.840099 6477728.174931 2765.418124
435601.465782 6477491.656800 2973.267453
435324.587524 6477513.301819 2988.281324
435202.919646 6477588.695105 2911.683423
435323.954665 6477803.002825 2685.736739
435449.433200 6477447.677318 3056.897604
435113.516656 6477687.498698 2806.807496
435371.694533 6477874.230305 2608.017097
435158.492379 6477781.825770 2711.925526
435266.756010 6477446.623700 3071.830056
435187.326199 6477517.563332 2990.020601
435038.373538 6477600.380676 2888.502443
435198.970958 6477863.118127 2627.413764
435556.949012 6477395.633574 3113.519860
435376.428575 6477389.251785 3140.277509
435043.305361 6477523.998960 2973.877006
434965.963290 6477664.397282 2818.499983
434997.106640 6477754.191275 2732.300308
435030.504741 6477845.024557 2642.301178
435641.036166 6477352.415459 3164.543906
435099.244786 6477453.422818 3058.682636
435198.098685 6477378.959072 3152.615925
434841.632226 6477626.984868 2844.425466
434870.564857 6477544.086288 2936.626168
435488.097056 6477339.086454 3197.846151
435302.195629 6477328.419970 3216.085758
434923.238334 6477454.013048 3046.333028
434836.017883 6477721.511289 2747.965892
434862.232960 6477818.768368 2652.624523
435626.457273 6477291.116815 3254.740800
435053.183498 6477398.866294 3120.646146
435142.898406 6477299.586801 3243.449950
434697.269029 6477599.569626 2865.513875
434695.446960 6477680.155681 2778.795123
434758.393206 6477465.013511 3024.456680
435409.820707 6477289.529031 3265.441000
435046.966463 6477334.665495 3196.629180
435241.788119 6477257.580698 3299.453559
434920.523391 6477365.524519 3152.073659
434693.806490 6477794.919698 2664.308426
434711.265060 6477533.471835 2944.181459
434777.381836 6477395.336545 3112.981200
435492.602787 6477253.753546 3312.210998
434958.271929 6477282.081026 3254.150285
435046.685506 6477226.308199 3324.707556
434534.293516 6477657.049159 2813.461735
434572.722315 6477543.237056 2942.734774
434599.236563 6477725.449132 2733.774264
434603.547874 6477424.369235 3084.036526
434606.233981 6477482.882295 3011.428151
435345.937271 6477216.297775 3355.376351
435611.197992 6477229.178599 3344.727557
435177.031734 6477187.451855 3378.761542
434792.177092 6477311.211203 3213.043465
434525.335869 6477597.381060 2883.779229
434525.644563 6477778.753183 2680.221494
434651.961726 6477342.206942 3176.401795
435463.094118 6477181.415857 3404.448360
434831.300397 6477237.220176 3300.466701
435045.967661 6477134.954929 3430.503872
434355.867097 6477637.306951 2853.060617
434434.540512 6477709.381092 2762.237724
434424.661399 6477562.774557 2935.777953
434474.749279 6477493.541249 3014.695108
434483.693093 6477382.567168 3148.389387
435319.615682 6477137.014815 3448.942822
435590.133875 6477161.936446 3432.965011
434906.814587 6477165.232276 3386.078081
435190.104293 6477116.646379 3463.113165
434650.286364 6477239.353297 3296.347791
434357.775628 6477768.468819 2699.359405
434413.083990 6477443.212447 3083.605047
434546.911364 6477300.099000 3230.909127
435471.957391 6477102.096658 3500.428289
434727.265153 6477153.141283 3390.737932
435032.015470 6477057.350400 3516.545633
434905.349978 6477082.635070 3478.568309
434300.213647 6477579.909825 2929.604330
434260.998267 6477690.386731 2793.467475
434330.394033 6477509.537073 3012.067633
434333.334482 6477372.134577 3169.565949
434398.263434 6477297.208792 3243.509367
435345.987943 6477059.500341 3542.291041
435568.713862 6477091.232750 3520.171116
434773.545432 6477070.140296 3481.996773
435180.308857 6477057.373296 3530.118858
434470.232837 6477217.098198 3320.461753
434154.682394 6477590.295184 2901.360054
434189.871440 6477757.595309 2718.175196
434258.535527 6477445.382915 3092.721847
435546.992216 6477017.604487 3606.513092
435376.124283 6477011.548842 3601.129248
434549.055036 6477139.550308 3399.280361
434614.609731 6477056.457328 3485.587766
435034.865760 6476994.603055 3587.735893
434864.243901 6476986.037761 3580.989011
434188.590268 6477506.496999 3012.297237
434101.106322 6477671.787249 2813.384414
434217.894813 6477300.902295 3229.819804
434166.850612 6477375.140749 3149.942902
434274.074097 6477228.733092 3303.009803
435205.468302 6477003.346246 3594.579372
434693.614578 6476977.547363 3574.282804
434356.171816 6477145.912013 3380.375373
434010.981488 6477504.868160 2974.338943
434002.064867 6477599.816922 2879.018872
434021.639425 6477743.050591 2734.999736
434098.885273 6477439.227150 3066.106811
434438.281388 6477059.713766 3469.505815
434523.142151 6476967.694617 3566.836966
434098.885273 6477439.227150 3066.106811
433929.257923 6477659.678800 2813.270188
434111.171616 6477195.736344 3304.631632
434059.691886 6477289.887746 3214.218713
434011.867542 6477369.778969 3120.435473
434187.193647 6477119.411350 3382.597889
434282.000191 6477046.223393 3464.946525
433882.686451 6477560.208838 2908.365976
433924.477897 6477426.197445 3045.241778
433853.768394 6477734.123106 2754.891862
434352.875341 6476956.298727 3558.553679
433824.873265 6477494.568594 2981.693795
434011.867542 6477369.778969 3120.435473
433783.989289 6477648.359684 2843.721953
434000.641670 6477109.966989 3365.957169
433937.488051 6477191.955308 3279.185138
433920.995154 6477301.552276 3173.124522
434118.237958 6477025.614542 3456.355147
434182.890902 6476943.027178 3549.252888
433718.807205 6477586.491931 2924.394773
433754.528771 6477447.205707 3055.691366
433841.514018 6477356.669157 3109.378074
433691.066950 6477744.836200 2784.931281
433655.389454 6477536.771111 2998.263744
433613.897224 6477683.336792 2869.520696
433972.903796 6477019.371272 3449.826612
433848.430437 6477089.095008 3376.289968
433819.409249 6477231.695467 3251.846367
434012.173780 6476934.000216 3542.253548
433542.387105 6477640.088167 2941.166355
433685.406933 6477398.167689 3130.292357
433597.504467 6477485.928917 3076.004844
433766.436220 6477309.627734 3186.203711
433529.112864 6477764.482555 2819.823523
433746.271525 6477165.106395 3329.912417
433500.698584 6477579.012489 3020.772371
433406.902266 6477756.043482 2872.239115
433833.466268 6477011.545227 3459.207359
433845.503639 6476945.765355 3530.912166
433695.570350 6477088.259422 3417.294020
433678.412365 6477258.739692 3276.242980
433383.383280 6477673.794493 2964.554378
433618.043980 6477357.238011 3205.105931
433525.833957 6477443.234669 3151.506698
433451.739229 6477516.475699 3101.463356
433577.351884 6477188.414717 3380.062912
433360.282212 6477592.797745 3055.000966
433696.428503 6477005.181824 3493.511593
433551.905203 6477087.429126 3469.897725
433556.527033 6477296.620349 3290.230196
433460.726659 6477405.281341 3217.188573
433337.466605 6477512.358004 3143.845688
433405.503674 6477170.443776 3445.822258
433433.963313 6477256.729076 3365.750580
433434.577771 6477339.416733 3293.173306
433316.703792 6477431.260276 3232.634651
433283.672841 6477253.805710 3409.053925
433300.785524 6477348.155998 3321.237114
435655.457976 6477412.708426 3074.106709
