433161.699204 6479342.606503 993.565614
433057.189383 6479455.396312 1004.494132
433080.481100 6479355.479379 1089.153772
433191.804668 6479242.722206 1091.473210
432983.587924 6479466.451533 1088.014500
433107.794771 6479290.950431 1137.674074
433267.884282 6479236.500687 994.026368
432995.640177 6479401.926018 1150.848860
433253.491886 6479157.306559 1133.756467
433007.692430 6479337.400504 1213.683219
433257.896498 6479181.542925 1090.993829
432913.378952 6479464.038796 1182.054785
433120.100605 6479225.665814 1220.348829
433353.860750 6479093.828055 1090.255469
433234.378574 6479115.177743 1224.066715
433403.644200 6479099.342268 1013.917323
433341.654507 6479040.493634 1187.534975
433466.415545 6479010.583182 1064.209495
433161.699204 6479342.606503 993.565614
433080.481100 6479355.479379 1089.153772
433057.189383 6479455.396312 1004.494132
432983.587924 6479466.451533 1088.014500
433191.804668 6479242.722206 1091.473210
432995.640177 6479401.926018 1150.848860
433267.884282 6479236.500687 994.026368
433107.794771 6479290.950431 1137.674074
432913.378952 6479464.038796 1182.054785
433007.692430 6479337.400504 1213.683219
433257.896498 6479181.542925 1090.993829
433253.491886 6479157.306559 1133.756467
433353.860750 6479093.828055 1090.255469
433120.100605 6479225.665814 1220.348829
433403.644200 6479099.342268 1013.917323
433234.378574 6479115.177743 1224.066715
433466.415545 6479010.583182 1064.209495
433341.654507 6479040.493634 1187.534975
