436929.743256 6476511.106105 1054.278550
437019.313907 6476328.405276 1118.307944
437041.298118 6476501.353363 1118.217168
437139.686803 6476452.798776 1176.981507
436888.255012 6476360.224187 1043.944425
437155.568143 6476303.282591 1193.860387
436918.760985 6476262.295618 1067.790732
437112.356169 6476224.785336 1175.185695
436949.266959 6476164.367049 1091.637039
436847.597214 6476212.174696 1033.309084
437171.977554 6476148.916374 1211.156776
437069.144195 6476146.288080 1156.511003
437019.313907 6476328.405276 1118.307944
436929.743256 6476511.106105 1054.278550
437041.298118 6476501.353363 1118.217168
436888.255012 6476360.224187 1043.944425
437139.686803 6476452.798776 1176.981507
436918.760985 6476262.295618 1067.790732
437155.568143 6476303.282591 1193.860387
436949.266959 6476164.367049 1091.637039
436847.597214 6476212.174696 1033.309084
437112.356169 6476224.785336 1175.185695
437069.144195 6476146.288080 1156.511003
437171.977554 6476148.916374 1211.156776
