435661.141339 6477661.651816 2941.400398
435565.290729 6477580.093975 2872.614953
435601.465782 6477491.656800 2973.267453
435623.932014 6477728.603274 2838.452180
435689.815139 6477574.329992 3034.995186
435733.238273 6477813.836533 2911.830980
435755.016093 6477727.254938 3010.326473
435655.457976 6477412.708426 3074.106709
435705.182795 6477877.472839 2819.647393
435782.663388 6477656.561821 3099.631694
435734.276929 6477498.084748 3120.234076
435828.948096 6477860.707512 2979.588707
435823.614287 6477948.926557 2892.000272
435855.147012 6477816.727407 3070.969417
435721.086595 6477353.623576 3156.246837
435786.739640 6478020.543201 2788.982770
435807.072766 6477549.556537 3177.196372
435875.444520 6477729.735570 3161.390985
435938.774223 6477964.742973 2992.830741
435910.339644 6478063.228234 2866.883302
435955.833960 6477882.137501 3125.793172
435833.557074 6477444.218011 3236.709348
435868.297662 6478173.729202 2777.064451
435887.059767 6477629.259371 3233.972642
435968.236521 6477804.677991 3235.393072
435797.368484 6477295.102940 3235.451951
436053.724689 6477999.874539 3103.021825
436013.179212 6478117.355015 2931.911770
435971.989324 6478197.688749 2851.633045
436060.571990 6477937.511002 3207.875056
435918.135017 6477379.204252 3321.672406
435912.233482 6477521.279540 3302.143694
436057.989143 6478069.756716 3022.518570
435930.826920 6478315.083681 2812.245423
435958.818678 6477682.949646 3290.965655
436080.390165 6477892.871981 3306.892681
435891.646092 6477271.700984 3311.052872
436125.173455 6478179.551677 3058.789717
436160.683015 6478066.385408 3205.519853
436092.253994 6478230.828023 2974.782044
436024.606900 6478295.910969 2899.779660
436024.444862 6477771.575429 3344.024215
436170.477412 6478017.982417 3278.680929
435982.736093 6477249.110982 3388.034074
435989.715495 6477443.877827 3386.339921
435985.091558 6477607.523787 3366.538840
436155.203751 6478144.776012 3131.290959
435980.616848 6478445.914514 2874.133879
436190.301450 6477986.264071 3358.042381
436132.859425 6477868.695037 3410.563303
436167.314255 6478310.619943 3121.881116
436121.581319 6478337.409379 3038.897268
436203.907886 6478210.067338 3218.937452
436050.105440 6478399.198110 2958.159880
436065.604867 6477711.056594 3427.320492
436241.424621 6478144.865176 3327.466976
436064.066742 6477379.377363 3455.823948
436048.843025 6477555.493082 3445.632175
436019.404072 6478562.327519 2949.211531
436252.631935 6478028.391377 3425.223401
436167.002129 6477794.182250 3495.213039
436066.918216 6477228.280790 3468.048337
436199.503010 6478348.681617 3198.606104
436126.993828 6478472.268846 3096.820865
436080.406292 6478480.449061 3024.362999
436243.740564 6478308.497932 3292.897971
436119.251892 6477653.020012 3512.533506
436300.213026 6478188.673916 3442.583244
436236.992478 6477929.688846 3501.004766
436108.814022 6477485.734833 3506.890549
436157.961293 6477280.452677 3552.192580
436172.328407 6478478.243704 3175.161888
436286.843511 6478312.660532 3390.823850
436069.679374 6478616.822781 3035.038314
436306.631837 6478076.159082 3518.140605
436198.954578 6477701.579403 3586.913086
436251.768586 6477837.257628 3581.280679
436152.260992 6477406.133246 3548.862650
436152.633221 6477244.464359 3550.788386
436228.263397 6478464.948185 3268.852176
436132.362017 6478607.258365 3131.070371
436273.860037 6478432.049488 3360.820469
436179.244348 6477558.300777 3589.033731
436348.654317 6478240.871093 3534.765859
436326.443402 6478382.901711 3472.496680
436320.032667 6477979.197707 3594.620581
436146.974621 6477208.499968 3549.555983
436220.692533 6477375.917519 3616.905127
436196.185653 6478591.441897 3225.937654
436365.042680 6478115.364796 3605.567380
436267.956845 6477698.797588 3659.850491
436320.088529 6477870.539672 3658.183796
436197.920432 6477195.927202 3604.320451
436255.238125 6478576.760677 3321.953093
436314.195700 6478562.102029 3417.992834
436391.723298 6478271.991336 3618.916361
436378.301457 6478400.846683 3569.628185
436384.400725 6477997.072287 3694.631448
436249.864636 6477519.615171 3660.450455
436152.633221 6477244.464359 3550.788386
436248.866242 6477183.354436 3659.084919
436369.322163 6478548.331230 3514.867826
436414.081671 6478178.095353 3684.973115
436334.507261 6477602.563231 3742.529047
436349.250880 6477793.326225 3720.485970
436281.757285 6477345.280996 3685.417212
436429.766374 6478377.028939 3673.774434
436423.664809 6478534.745097 3611.915550
436450.564711 6478101.694902 3765.541457
436344.566661 6477437.953568 3754.467739
436416.541814 6477909.717496 3777.661997
436325.961693 6477249.188584 3744.589860
436470.960565 6478297.791959 3753.971471
436416.100894 6477499.634792 3840.033984
436387.734017 6477716.815759 3793.605634
436478.803395 6478519.290583 3709.304122
436485.385106 6478011.425941 3846.133664
436510.017376 6478182.076769 3842.069815
436396.584399 6477326.723717 3822.466387
436397.183974 6477644.465506 3809.072472
436459.858265 6477841.231901 3854.014039
436539.056169 6478494.879377 3809.603719
436535.160127 6478356.416711 3838.005844
436436.996518 6477670.661589 3851.067140
436146.974621 6477208.499968 3549.555983
435601.465782 6477491.656800 2973.267453
435565.290729 6477580.093975 2872.614953
435661.141339 6477661.651816 2941.400398
435689.815139 6477574.329992 3034.995186
435623.932014 6477728.603274 2838.452180
435655.457976 6477412.708426 3074.106709
435755.016093 6477727.254938 3010.326473
435733.238273 6477813.836533 2911.830980
435734.276929 6477498.084748 3120.234076
435782.663388 6477656.561821 3099.631694
435705.182795 6477877.472839 2819.647393
435721.086595 6477353.623576 3156.246837
435855.147012 6477816.727407 3070.969417
435828.948096 6477860.707512 2979.588707
435823.614287 6477948.926557 2892.000272
435807.072766 6477549.556537 3177.196372
435875.444520 6477729.735570 3161.390985
435786.739640 6478020.543201 2788.982770
435833.557074 6477444.218011 3236.709348
435938.774223 6477964.742973 2992.830741
435955.833960 6477882.137501 3125.793172
435910.339644 6478063.228234 2866.883302
435887.059767 6477629.259371 3233.972642
435797.368484 6477295.102940 3235.451951
435968.236521 6477804.677991 3235.393072
435868.297662 6478173.729202 2777.064451
435912.233482 6477521.279540 3302.143694
435918.135017 6477379.204252 3321.672406
436053.724689 6477999.874539 3103.021825
436060.571990 6477937.511002 3207.875056
436013.179212 6478117.355015 2931.911770
435971.989324 6478197.688749 2851.633045
435958.818678 6477682.949646 3290.965655
435891.646092 6477271.700984 3311.052872
436057.989143 6478069.756716 3022.518570
436080.390165 6477892.871981 3306.892681
435930.826920 6478315.083681 2812.245423
435989.715495 6477443.877827 3386.339921
435985.091558 6477607.523787 3366.538840
435982.736093 6477249.110982 3388.034074
436024.444862 6477771.575429 3344.024215
436160.683015 6478066.385408 3205.519853
436125.173455 6478179.551677 3058.789717
436170.477412 6478017.982417 3278.680929
436024.606900 6478295.910969 2899.779660
436092.253994 6478230.828023 2974.782044
436155.203751 6478144.776012 3131.290959
436132.859425 6477868.695037 3410.563303
436190.301450 6477986.264071 3358.042381
435980.616848 6478445.914514 2874.133879
436064.066742 6477379.377363 3455.823948
436048.843025 6477555.493082 3445.632175
436065.604867 6477711.056594 3427.320492
436203.907886 6478210.067338 3218.937452
436121.581319 6478337.409379 3038.897268
436167.314255 6478310.619943 3121.881116
436241.424621 6478144.865176 3327.466976
436050.105440 6478399.198110 2958.159880
436066.918216 6477228.280790 3468.048337
436167.002129 6477794.182250 3495.213039
436252.631935 6478028.391377 3425.223401
436019.404072 6478562.327519 2949.211531
436157.961293 6477280.452677 3552.192580
436108.814022 6477485.734833 3506.890549
436119.251892 6477653.020012 3512.533506
436243.740564 6478308.497932 3292.897971
436199.503010 6478348.681617 3198.606104
436080.406292 6478480.449061 3024.362999
436126.993828 6478472.268846 3096.820865
436236.992478 6477929.688846 3501.004766
436300.213026 6478188.673916 3442.583244
436152.260992 6477406.133246 3548.862650
436152.633221 6477244.464359 3550.788386
436286.843511 6478312.660532 3390.823850
436172.328407 6478478.243704 3175.161888
436251.768586 6477837.257628 3581.280679
436198.954578 6477701.579403 3586.913086
436306.631837 6478076.159082 3518.140605
436069.679374 6478616.822781 3035.038314
436220.692533 6477375.917519 3616.905127
436146.974621 6477208.499968 3549.555983
436179.244348 6477558.300777 3589.033731
436228.263397 6478464.948185 3268.852176
436273.860037 6478432.049488 3360.820469
436132.362017 6478607.258365 3131.070371
436320.032667 6477979.197707 3594.620581
436326.443402 6478382.901711 3472.496680
436348.654317 6478240.871093 3534.765859
436197.920432 6477195.927202 3604.320451
436196.185653 6478591.441897 3225.937654
436267.956845 6477698.797588 3659.850491
436320.088529 6477870.539672 3658.183796
436365.042680 6478115.364796 3605.567380
436249.864636 6477519.615171 3660.450455
436248.866242 6477183.354436 3659.084919
436255.238125 6478576.760677 3321.953093
436314.195700 6478562.102029 3417.992834
436384.400725 6477997.072287 3694.631448
436378.301457 6478400.846683 3569.628185
436391.723298 6478271.991336 3618.916361
436281.757285 6477345.280996 3685.417212
436369.322163 6478548.331230 3514.867826
436349.250880 6477793.326225 3720.485970
436334.507261 6477602.563231 3742.529047
436414.081671 6478178.095353 3684.973115
436344.566661 6477437.953568 3754.467739
436325.961693 6477249.188584 3744.589860
436416.541814 6477909.717496 3777.661997
436450.564711 6478101.694902 3765.541457
436423.664809 6478534.745097 3611.915550
436429.766374 6478377.028939 3673.774434
436387.734017 6477716.815759 3793.605634
436416.100894 6477499.634792 3840.033984
436470.960565 6478297.791959 3753.971471
436396.584399 6477326.723717 3822.466387
436397.183974 6477644.465506 3809.072472
436459.858265 6477841.231901 3854.014039
436485.385106 6478011.425941 3846.133664
436510.017376 6478182.076769 3842.069815
436478.803395 6478519.290583 3709.304122
436436.996518 6477670.661589 3851.067140
436535.160127 6478356.416711 3838.005844
436539.056169 6478494.879377 3809.603719
