436239.683871 6477149.195035 3499.455126
436142.484650 6477177.086355 3549.104583
436138.288871 6477145.619379 3548.966839
436146.974621 6477208.499968 3549.555983
436181.321860 6476986.769781 3516.633627
436152.633221 6477244.464359 3550.788386
436304.522979 6477000.667713 3461.583880
436285.658838 6477326.190902 3493.562861
436361.903485 6477196.000333 3445.738049
436226.211559 6476828.186407 3484.724582
436157.961293 6477280.452677 3552.192580
436424.902920 6477059.126039 3411.184138
436363.471664 6476854.221602 3426.608602
436408.614017 6477381.073772 3454.285639
436228.955223 6477451.661426 3542.458716
436499.838676 6477265.608993 3401.804196
436268.408232 6476668.723718 3452.074301
436363.381255 6477502.544104 3494.533557
436553.900246 6477099.667588 3364.368721
436511.192069 6476924.705432 3368.998001
436454.169548 6476753.548073 3381.333157
436495.176736 6477558.778225 3454.815179
436531.302678 6477444.202802 3420.046665
436316.344462 6477615.975774 3534.802758
436639.774965 6477243.164731 3347.563522
436421.109373 6476596.493791 3378.269571
436446.617923 6477668.182644 3493.104278
436644.898599 6477397.652285 3370.007707
436669.345295 6476965.091974 3314.538203
436696.621681 6477116.641416 3316.117950
436609.776115 6476800.867932 3320.984010
436302.720753 6476505.891029 3417.050653
436542.050032 6476615.753507 3327.410620
436648.750639 6477586.490225 3402.283395
436573.403094 6477715.805394 3453.163423
436407.729953 6477778.095816 3527.701146
436807.093089 6477189.579238 3284.031139
436780.084467 6477332.691537 3312.018960
436419.230032 6476450.730069 3355.340746
436773.611757 6477498.060793 3339.750878
436710.508019 6476743.826684 3277.567901
436831.509193 6477029.655483 3264.651149
436635.711457 6476602.503001 3285.689047
436547.117230 6476418.717902 3288.427797
436724.956055 6477808.883715 3412.029034
436586.360936 6477847.324926 3471.293602
436781.889986 6477679.212897 3368.042281
436808.345804 6476877.529466 3258.338125
436957.316550 6477143.283120 3228.332461
436932.680446 6477296.161460 3249.126981
436903.685333 6477432.007005 3280.009359
436499.362094 6477940.076145 3520.634148
436889.744519 6477606.106032 3314.396635
436776.775184 6476656.157610 3234.199088
436894.045824 6476805.729139 3222.210995
436977.642641 6476974.427913 3210.720620
436696.876854 6476525.269237 3242.496109
436847.988153 6477867.271156 3373.537194
436736.680051 6477950.816751 3431.271222
436622.480159 6477984.843035 3481.361096
436939.594087 6477761.294905 3320.459591
437094.937238 6477118.747419 3176.374285
437071.950614 6477293.934823 3196.838968
437053.943896 6477441.769724 3224.197828
436989.312118 6477551.849199 3267.481196
436674.323160 6476386.940927 3221.023147
436583.595066 6478097.676318 3513.327330
437041.912243 6477688.687178 3267.760715
436806.308019 6476517.981940 3192.741967
436874.595042 6476659.636981 3196.425472
437031.395240 6476864.079761 3184.790804
437164.615985 6476953.576503 3143.833939
436972.908352 6477918.788550 3324.913338
436851.966077 6478068.961888 3398.691797
436716.336115 6478101.040787 3461.425500
437087.288305 6477842.794648 3266.500116
437028.108285 6476729.917829 3160.066943
437236.913925 6477100.440600 3120.753543
437192.789913 6477265.774685 3146.158187
437196.151958 6477441.669882 3165.877774
437127.826974 6477578.377578 3216.382224
436802.378247 6476355.005892 3154.202915
437182.509739 6477722.995591 3213.541209
436969.589399 6476579.955703 3142.546522
437181.801874 6476786.869320 3126.586282
437317.852830 6476961.437690 3083.949070
436877.967995 6476450.640972 3144.741953
437109.439468 6478004.097999 3266.245122
436982.739421 6478036.081639 3333.955872
437220.249056 6477861.170518 3204.395517
437116.878659 6476624.691413 3105.612786
437308.316971 6476827.843681 3080.365333
437373.864249 6477073.645083 3060.263909
437316.448967 6477228.131306 3088.629474
437298.833107 6477370.826611 3109.606632
437262.803402 6477609.033186 3163.161601
436933.896526 6476322.647257 3089.676398
437323.806997 6477768.666532 3152.122914
437035.653008 6476466.363568 3088.663975
437262.489210 6476664.223497 3075.190786
437450.862515 6476889.799257 3030.238596
437341.357797 6477503.858638 3111.450364
437237.462950 6477971.660873 3199.493446
437368.267124 6477936.507119 3134.325784
437180.369229 6476506.411808 3052.116045
437408.550920 6476709.748659 3041.675205
437500.400700 6477050.434508 3003.940527
437438.678752 6477209.694544 3031.539577
437405.399033 6477364.019889 3057.524609
437398.808143 6477649.206957 3105.785647
437080.526134 6476338.936736 3042.906919
437456.157498 6477814.627955 3089.376300
437327.439574 6476550.740045 3022.164492
437583.033516 6476898.058479 2978.692835
437541.755149 6476744.887127 3002.057731
437459.474909 6477511.841079 3053.537230
437235.220816 6476392.801068 3007.725062
437476.018052 6476589.192802 2994.010491
437623.658427 6477057.268839 2951.754431
437560.872131 6477210.871703 2975.135563
437510.170374 6477362.167223 3003.042484
437522.576109 6477671.085850 3046.263892
437395.308559 6476436.270209 2977.818169
437675.898025 6476744.076776 2953.413355
437703.704597 6476900.021119 2931.451045
437622.584027 6476620.091376 2959.780594
437571.857377 6477525.700933 2998.313263
437554.216977 6476481.912189 2946.810922
437736.909644 6477062.622750 2904.968188
437681.165373 6477223.724101 2924.783209
437625.887433 6477380.596094 2951.608654
437785.768042 6476724.540232 2911.296282
437808.799337 6476907.133056 2888.913807
437711.983887 6476529.836089 2914.643910
437862.671082 6476599.332912 2871.353151
437876.869860 6476749.753063 2872.940852
436239.683871 6477149.195035 3499.455126
436138.288871 6477145.619379 3548.966839
436142.484650 6477177.086355 3549.104583
436181.321860 6476986.769781 3516.633627
436146.974621 6477208.499968 3549.555983
436304.522979 6477000.667713 3461.583880
436152.633221 6477244.464359 3550.788386
436226.211559 6476828.186407 3484.724582
436361.903485 6477196.000333 3445.738049
436285.658838 6477326.190902 3493.562861
436363.471664 6476854.221602 3426.608602
436424.902920 6477059.126039 3411.184138
436157.961293 6477280.452677 3552.192580
436268.408232 6476668.723718 3452.074301
436408.614017 6477381.073772 3454.285639
436499.838676 6477265.608993 3401.804196
436228.955223 6477451.661426 3542.458716
436511.192069 6476924.705432 3368.998001
436454.169548 6476753.548073 3381.333157
436363.381255 6477502.544104 3494.533557
436553.900246 6477099.667588 3364.368721
436421.109373 6476596.493791 3378.269571
436531.302678 6477444.202802 3420.046665
436495.176736 6477558.778225 3454.815179
436639.774965 6477243.164731 3347.563522
436316.344462 6477615.975774 3534.802758
436669.345295 6476965.091974 3314.538203
436609.776115 6476800.867932 3320.984010
436542.050032 6476615.753507 3327.410620
436302.720753 6476505.891029 3417.050653
436644.898599 6477397.652285 3370.007707
436446.617923 6477668.182644 3493.104278
436696.621681 6477116.641416 3316.117950
436419.230032 6476450.730069 3355.340746
436648.750639 6477586.490225 3402.283395
436573.403094 6477715.805394 3453.163423
436780.084467 6477332.691537 3312.018960
436807.093089 6477189.579238 3284.031139
436407.729953 6477778.095816 3527.701146
436831.509193 6477029.655483 3264.651149
436710.508019 6476743.826684 3277.567901
436635.711457 6476602.503001 3285.689047
436547.117230 6476418.717902 3288.427797
436773.611757 6477498.060793 3339.750878
436808.345804 6476877.529466 3258.338125
436724.956055 6477808.883715 3412.029034
436781.889986 6477679.212897 3368.042281
436586.360936 6477847.324926 3471.293602
436903.685333 6477432.007005 3280.009359
436932.680446 6477296.161460 3249.126981
436957.316550 6477143.283120 3228.332461
436977.642641 6476974.427913 3210.720620
436894.045824 6476805.729139 3222.210995
436776.775184 6476656.157610 3234.199088
436696.876854 6476525.269237 3242.496109
436889.744519 6477606.106032 3314.396635
436499.362094 6477940.076145 3520.634148
436674.323160 6476386.940927 3221.023147
436736.680051 6477950.816751 3431.271222
436847.988153 6477867.271156 3373.537194
436939.594087 6477761.294905 3320.459591
436622.480159 6477984.843035 3481.361096
436989.312118 6477551.849199 3267.481196
437053.943896 6477441.769724 3224.197828
437071.950614 6477293.934823 3196.838968
437094.937238 6477118.747419 3176.374285
437031.395240 6476864.079761 3184.790804
436874.595042 6476659.636981 3196.425472
436806.308019 6476517.981940 3192.741967
437041.912243 6477688.687178 3267.760715
436583.595066 6478097.676318 3513.327330
437164.615985 6476953.576503 3143.833939
437028.108285 6476729.917829 3160.066943
436802.378247 6476355.005892 3154.202915
436716.336115 6478101.040787 3461.425500
436851.966077 6478068.961888 3398.691797
436972.908352 6477918.788550 3324.913338
437087.288305 6477842.794648 3266.500116
437127.826974 6477578.377578 3216.382224
437196.151958 6477441.669882 3165.877774
437192.789913 6477265.774685 3146.158187
437236.913925 6477100.440600 3120.753543
437181.801874 6476786.869320 3126.586282
436969.589399 6476579.955703 3142.546522
436877.967995 6476450.640972 3144.741953
437182.509739 6477722.995591 3213.541209
437317.852830 6476961.437690 3083.949070
437308.316971 6476827.843681 3080.365333
437116.878659 6476624.691413 3105.612786
436933.896526 6476322.647257 3089.676398
436982.739421 6478036.081639 3333.955872
437109.439468 6478004.097999 3266.245122
437220.249056 6477861.170518 3204.395517
437262.803402 6477609.033186 3163.161601
437298.833107 6477370.826611 3109.606632
437316.448967 6477228.131306 3088.629474
437373.864249 6477073.645083 3060.263909
437262.489210 6476664.223497 3075.190786
437035.653008 6476466.363568 3088.663975
437323.806997 6477768.666532 3152.122914
437341.357797 6477503.858638 3111.450364
437450.862515 6476889.799257 3030.238596
437408.550920 6476709.748659 3041.675205
437180.369229 6476506.411808 3052.116045
437080.526134 6476338.936736 3042.906919
437237.462950 6477971.660873 3199.493446
437368.267124 6477936.507119 3134.325784
437398.808143 6477649.206957 3105.785647
437405.399033 6477364.019889 3057.524609
437438.678752 6477209.694544 3031.539577
437500.400700 6477050.434508 3003.940527
437327.439574 6476550.740045 3022.164492
437456.157498 6477814.627955 3089.376300
437459.474909 6477511.841079 3053.537230
437541.755149 6476744.887127 3002.057731
437583.033516 6476898.058479 2978.692835
437476.018052 6476589.192802 2994.010491
437235.220816 6476392.801068 3007.725062
437522.576109 6477671.085850 3046.263892
437510.170374 6477362.167223 3003.042484
437560.872131 6477210.871703 2975.135563
437623.658427 6477057.268839 2951.754431
437395.308559 6476436.270209 2977.818169
437571.857377 6477525.700933 2998.313263
437675.898025 6476744.076776 2953.413355
437622.584027 6476620.091376 2959.780594
437703.704597 6476900.021119 2931.451045
437554.216977 6476481.912189 2946.810922
437625.887433 6477380.596094 2951.608654
437681.165373 6477223.724101 2924.783209
437736.909644 6477062.622750 2904.968188
437785.768042 6476724.540232 2911.296282
437711.983887 6476529.836089 2914.643910
437808.799337 6476907.133056 2888.913807
437876.869860 6476749.753063 2872.940852
437862.671082 6476599.332912 2871.353151
