433439.832337 6480008.831323 1133.617977
433308.129047 6479951.887384 1136.193972
433405.813401 6479919.049075 1229.420248
433561.827974 6479987.483634 1216.073026
433353.691812 6480012.119771 1083.914042
433571.337307 6480068.596577 1122.979923
433399.254577 6480072.352158 1031.634112
433214.944750 6479996.432656 1029.519466
433736.214303 6480057.480470 1200.309365
433727.585055 6480099.895836 1146.380776
433575.010122 6480142.622526 1033.313103
433718.955806 6480142.311202 1092.452187
433855.910980 6480117.225687 1171.363140
433308.129047 6479951.887384 1136.193972
433439.832337 6480008.831323 1133.617977
433405.813401 6479919.049075 1229.420248
433353.691812 6480012.119771 1083.914042
433561.827974 6479987.483634 1216.073026
433399.254577 6480072.352158 1031.634112
433214.944750 6479996.432656 1029.519466
433571.337307 6480068.596577 1122.979923
433736.214303 6480057.480470 1200.309365
433575.010122 6480142.622526 1033.313103
433727.585055 6480099.895836 1146.380776
433718.955806 6480142.311202 1092.452187
433855.910980 6480117.225687 1171.363140
