434548.915697 6479180.494520 999.104705
434666.713957 6479218.375416 1092.188823
434685.447961 6479279.717799 1003.257831
434766.257488 6479297.739748 1073.320679
434569.303806 6479112.938050 1120.981569
434727.952436 6479239.021226 1129.785977
434692.031872 6479185.355315 1175.460571
434437.577174 6479059.658803 1059.191816
434827.790575 6479272.680444 1191.081258
434544.251610 6479031.037259 1207.073092
434431.529591 6478996.828540 1146.077295
434405.619461 6479084.098623 995.191706
434667.639493 6479106.478086 1261.866200
434322.311657 6478972.461395 1077.486384
434796.867458 6479213.532817 1250.982672
434356.072964 6478926.062939 1179.597746
434552.230169 6478993.980253 1271.214895
434255.646854 6479000.539593 992.094223
434416.832731 6478906.354587 1268.239846
434235.867544 6478910.598614 1110.339637
434268.618281 6478824.889243 1262.670161
434242.219838 6478853.950764 1199.226296
434098.915528 6478889.671932 1054.451523
434104.058223 6478821.175866 1155.782995
434095.860059 6478935.138441 990.154531
434111.629473 6478760.909954 1257.497128
433937.689383 6478827.645155 1086.781774
433932.487401 6478881.730649 998.394396
433988.195669 6478781.465812 1179.889507
433945.133561 6478732.547577 1254.563746
433767.606063 6478833.746568 1007.161926
433846.408242 6478771.282860 1158.195103
433788.109910 6478781.215988 1114.610865
433780.542963 6478713.062773 1239.201559
433665.171060 6478774.042436 1074.180834
433666.356015 6478735.134297 1149.170321
433601.170635 6478783.593691 1015.948539
433623.089290 6478691.605706 1203.465433
433555.843203 6478737.637978 1072.848281
433510.515771 6478691.682265 1129.748023
433429.284865 6478717.521263 1024.494279
434548.915697 6479180.494520 999.104705
434685.447961 6479279.717799 1003.257831
434666.713957 6479218.375416 1092.188823
434569.303806 6479112.938050 1120.981569
434766.257488 6479297.739748 1073.320679
434437.577174 6479059.658803 1059.191816
434692.031872 6479185.355315 1175.460571
434727.952436 6479239.021226 1129.785977
434405.619461 6479084.098623 995.191706
434431.529591 6478996.828540 1146.077295
434544.251610 6479031.037259 1207.073092
434827.790575 6479272.680444 1191.081258
434322.311657 6478972.461395 1077.486384
434667.639493 6479106.478086 1261.866200
434255.646854 6479000.539593 992.094223
434356.072964 6478926.062939 1179.597746
434796.867458 6479213.532817 1250.982672
434552.230169 6478993.980253 1271.214895
434235.867544 6478910.598614 1110.339637
434416.832731 6478906.354587 1268.239846
434098.915528 6478889.671932 1054.451523
434268.618281 6478824.889243 1262.670161
434242.219838 6478853.950764 1199.226296
434095.860059 6478935.138441 990.154531
434104.058223 6478821.175866 1155.782995
433932.487401 6478881.730649 998.394396
433937.689383 6478827.645155 1086.781774
434111.629473 6478760.909954 1257.497128
433988.195669 6478781.465812 1179.889507
433767.606063 6478833.746568 1007.161926
433846.408242 6478771.282860 1158.195103
433945.133561 6478732.547577 1254.563746
433788.109910 6478781.215988 1114.610865
433665.171060 6478774.042436 1074.180834
433780.542963 6478713.062773 1239.201559
433666.356015 6478735.134297 1149.170321
433601.170635 6478783.593691 1015.948539
433510.515771 6478691.682265 1129.748023
433555.843203 6478737.637978 1072.848281
433623.089290 6478691.605706 1203.465433
433429.284865 6478717.521263 1024.494279
