436212.659838 6478857.568409 3536.534050
436176.948089 6478898.328448 3639.600660
436086.090484 6478970.933676 3607.262912
436100.187349 6478949.608073 3527.859698
436099.144589 6478970.879505 3699.884401
435983.730942 6479049.506146 3573.587457
436128.900402 6478914.620746 3439.787472
435966.995187 6479075.708752 3670.720487
436009.998988 6479016.076326 3470.938775
436249.982685 6478821.834392 3436.111704
435868.219699 6479139.596510 3591.125866
435895.121228 6479107.511788 3496.881289
436046.346972 6478971.369503 3361.438247
436170.147207 6478871.883151 3333.885676
435924.974162 6479072.175868 3397.401663
436264.377732 6478800.641984 3332.828180
435767.914517 6479199.158883 3513.023731
435801.011273 6479167.298348 3425.344897
436105.689501 6478911.784633 3245.689638
435965.523613 6479027.002780 3297.750846
436267.954786 6478786.288334 3228.191195
435830.910452 6479133.166632 3335.106381
435665.061412 6479255.591802 3435.318060
435705.364097 6479220.292214 3350.127958
436176.514159 6478846.413078 3138.305285
435977.595857 6479007.192748 3207.986222
435866.998707 6479097.532831 3254.664978
435743.635822 6479185.360724 3254.238023
436267.879031 6478774.095267 3123.536027
436066.066107 6478932.690678 3152.900361
435555.332965 6479305.808200 3357.539797
435627.519942 6479253.107945 3268.241774
436121.224196 6478886.075942 3051.600496
435997.901698 6478979.243081 3091.444673
435906.141106 6479054.738712 3145.641755
435817.863919 6479124.837380 3185.938452
435673.640544 6479215.976664 3173.300179
436265.378118 6478767.035805 3018.422258
435522.992456 6479309.422249 3260.475073
435520.403532 6479294.922817 3154.687832
436127.032350 6478878.849481 2955.116112
435988.831982 6478977.168920 2987.576577
435886.728215 6479057.748354 3047.583553
435784.832130 6479136.836959 3106.140816
435640.468790 6479223.906660 3086.654821
436225.005765 6478795.239930 2921.309679
435517.832417 6479280.523127 3049.628298
436140.951726 6478860.609422 2834.306576
436025.358793 6478946.844348 2891.693674
435827.714080 6479090.582701 2969.417798
435726.895794 6479166.549125 3032.391068
435661.228415 6479202.282054 2968.225797
435906.685785 6479030.380709 2885.069052
435520.715896 6479273.506903 2942.831129
436017.940608 6478947.605608 2795.145559
435772.231311 6479119.777713 2875.327599
435642.495913 6479202.613765 2865.919085
435876.816710 6479043.197576 2776.517993
435523.682763 6479266.287776 2832.945473
435731.749370 6479136.761210 2763.432358
435573.087546 6479232.786594 2760.788465
436176.948089 6478898.328448 3639.600660
436212.659838 6478857.568409 3536.534050
436086.090484 6478970.933676 3607.262912
436099.144589 6478970.879505 3699.884401
436100.187349 6478949.608073 3527.859698
435966.995187 6479075.708752 3670.720487
436128.900402 6478914.620746 3439.787472
435983.730942 6479049.506146 3573.587457
436249.982685 6478821.834392 3436.111704
436009.998988 6479016.076326 3470.938775
435868.219699 6479139.596510 3591.125866
436170.147207 6478871.883151 3333.885676
436046.346972 6478971.369503 3361.438247
435895.121228 6479107.511788 3496.881289
436264.377732 6478800.641984 3332.828180
435924.974162 6479072.175868 3397.401663
435767.914517 6479199.158883 3513.023731
436105.689501 6478911.784633 3245.689638
436267.954786 6478786.288334 3228.191195
435965.523613 6479027.002780 3297.750846
435801.011273 6479167.298348 3425.344897
435830.910452 6479133.166632 3335.106381
435665.061412 6479255.591802 3435.318060
435977.595857 6479007.192748 3207.986222
436176.514159 6478846.413078 3138.305285
435866.998707 6479097.532831 3254.664978
435705.364097 6479220.292214 3350.127958
436066.066107 6478932.690678 3152.900361
436267.879031 6478774.095267 3123.536027
435743.635822 6479185.360724 3254.238023
435555.332965 6479305.808200 3357.539797
435906.141106 6479054.738712 3145.641755
435997.901698 6478979.243081 3091.444673
436121.224196 6478886.075942 3051.600496
435817.863919 6479124.837380 3185.938452
435627.519942 6479253.107945 3268.241774
436265.378118 6478767.035805 3018.422258
435673.640544 6479215.976664 3173.300179
435522.992456 6479309.422249 3260.475073
435886.728215 6479057.748354 3047.583553
435784.832130 6479136.836959 3106.140816
435988.831982 6478977.168920 2987.576577
436127.032350 6478878.849481 2955.116112
435520.403532 6479294.922817 3154.687832
436225.005765 6478795.239930 2921.309679
435640.468790 6479223.906660 3086.654821
435827.714080 6479090.582701 2969.417798
435726.895794 6479166.549125 3032.391068
436025.358793 6478946.844348 2891.693674
436140.951726 6478860.609422 2834.306576
435517.832417 6479280.523127 3049.628298
435906.685785 6479030.380709 2885.069052
435661.228415 6479202.282054 2968.225797
435772.231311 6479119.777713 2875.327599
436017.940608 6478947.605608 2795.145559
435520.715896 6479273.506903 2942.831129
435876.816710 6479043.197576 2776.517993
435642.495913 6479202.613765 2865.919085
435731.749370 6479136.761210 2763.432358
435523.682763 6479266.287776 2832.945473
435573.087546 6479232.786594 2760.788465
