434756.477635 6479433.374941 3433.195325
434889.837670 6479460.922162 3434.902676
434768.621414 6479478.772558 3526.714812
434938.045104 6479503.865184 3508.195946
434916.061048 6479424.306963 3343.501575
435031.869188 6479482.548818 3421.314438
434939.501790 6479541.324839 3589.941578
434744.333857 6479387.977328 3339.675846
435092.837497 6479542.214980 3524.760701
434780.642121 6479523.709698 3621.178373
435079.649995 6479445.876868 3321.338389
434858.008987 6479384.857547 3279.697886
435168.368034 6479506.792355 3415.142192
435088.373806 6479602.352295 3654.811254
434926.700625 6479579.909052 3679.900970
434992.961383 6479386.605981 3222.133517
434734.346401 6479347.989836 3245.193079
435258.892992 6479557.793396 3501.481352
435186.996527 6479599.661481 3613.076905
434792.535591 6479568.171176 3714.689092
435148.748761 6479411.009277 3229.924301
435244.761141 6479462.336213 3317.725498
434858.762892 6479336.077396 3159.818956
435311.430005 6479510.401448 3407.924643
435042.231562 6479631.246969 3734.210907
435271.081164 6479643.351774 3688.678431
434897.560371 6479625.960189 3786.109268
435083.033162 6479357.372852 3133.310945
434726.274375 6479309.652122 3150.290295
434940.891553 6479324.564498 3097.163170
435433.744427 6479552.022012 3500.472145
435327.011757 6479602.982913 3591.408878
435228.840812 6479376.807592 3144.126634
435294.044162 6479418.975617 3226.094124
435419.139396 6479458.920442 3314.375471
434719.665247 6479272.470082 3054.917069
435426.478561 6479505.704825 3408.034216
435178.886933 6479674.821500 3781.864627
435023.614946 6479668.447598 3821.322958
435449.300109 6479651.185460 3690.153351
435083.086802 6479315.495668 3036.158382
435233.441670 6479336.271338 3068.216694
434894.349964 6479284.270526 3019.941837
435441.504133 6479601.488127 3595.091609
435330.598387 6479672.762949 3742.204330
435392.604534 6479363.391542 3127.919142
435407.754945 6479411.468287 3221.012606
434757.382254 6479238.823328 2960.806313
435051.183708 6479279.813796 2962.266144
435226.914743 6479293.590672 2983.006966
435377.578486 6479315.709668 3034.472864
434893.283269 6479246.173269 2931.552543
434815.636545 6479205.069027 2862.747734
435016.034246 6479242.929522 2889.881429
435196.619871 6479256.123584 2904.177470
435362.745111 6479268.639998 2938.342838
434943.402946 6479209.156832 2831.772402
434871.897440 6479172.469760 2768.044611
435126.184036 6479226.874097 2842.862027
435347.950684 6479221.693922 2842.465228
435044.511523 6479188.369435 2773.345928
435206.618421 6479203.297353 2798.290279
434756.477635 6479433.374941 3433.195325
434768.621414 6479478.772558 3526.714812
434889.837670 6479460.922162 3434.902676
434916.061048 6479424.306963 3343.501575
434938.045104 6479503.865184 3508.195946
434744.333857 6479387.977328 3339.675846
435031.869188 6479482.548818 3421.314438
434939.501790 6479541.324839 3589.941578
434858.008987 6479384.857547 3279.697886
435079.649995 6479445.876868 3321.338389
434780.642121 6479523.709698 3621.178373
435092.837497 6479542.214980 3524.760701
434992.961383 6479386.605981 3222.133517
434734.346401 6479347.989836 3245.193079
435168.368034 6479506.792355 3415.142192
434926.700625 6479579.909052 3679.900970
435088.373806 6479602.352295 3654.811254
434858.762892 6479336.077396 3159.818956
435244.761141 6479462.336213 3317.725498
435148.748761 6479411.009277 3229.924301
434792.535591 6479568.171176 3714.689092
435186.996527 6479599.661481 3613.076905
435258.892992 6479557.793396 3501.481352
434940.891553 6479324.564498 3097.163170
434726.274375 6479309.652122 3150.290295
435311.430005 6479510.401448 3407.924643
435083.033162 6479357.372852 3133.310945
434897.560371 6479625.960189 3786.109268
435042.231562 6479631.246969 3734.210907
435271.081164 6479643.351774 3688.678431
434719.665247 6479272.470082 3054.917069
435419.139396 6479458.920442 3314.375471
435294.044162 6479418.975617 3226.094124
435228.840812 6479376.807592 3144.126634
435327.011757 6479602.982913 3591.408878
435433.744427 6479552.022012 3500.472145
435083.086802 6479315.495668 3036.158382
434894.349964 6479284.270526 3019.941837
435426.478561 6479505.704825 3408.034216
435233.441670 6479336.271338 3068.216694
435023.614946 6479668.447598 3821.322958
435178.886933 6479674.821500 3781.864627
435449.300109 6479651.185460 3690.153351
434757.382254 6479238.823328 2960.806313
435407.754945 6479411.468287 3221.012606
435392.604534 6479363.391542 3127.919142
435330.598387 6479672.762949 3742.204330
435441.504133 6479601.488127 3595.091609
435226.914743 6479293.590672 2983.006966
435051.183708 6479279.813796 2962.266144
434893.283269 6479246.173269 2931.552543
435377.578486 6479315.709668 3034.472864
434815.636545 6479205.069027 2862.747734
435362.745111 6479268.639998 2938.342838
435196.619871 6479256.123584 2904.177470
435016.034246 6479242.929522 2889.881429
434943.402946 6479209.156832 2831.772402
434871.897440 6479172.469760 2768.044611
435347.950684 6479221.693922 2842.465228
435126.184036 6479226.874097 2842.862027
435044.511523 6479188.369435 2773.345928
435206.618421 6479203.297353 2798.290279
