434994.728106 6478382.043991 3177.421356
435069.896827 6478303.670243 3271.017546
435091.365516 6478404.769250 3256.017509
434989.881686 6478201.380200 3200.918852
435118.248560 6478504.905201 3240.110591
434921.327601 6478265.088033 3112.650478
435035.547996 6478538.534800 3150.619029
434923.608455 6478423.693990 3096.964410
434917.099858 6478100.059296 3125.969479
434858.272393 6478368.075443 3030.419639
434846.134457 6478214.877775 3030.090568
434943.797957 6478562.061611 3062.848244
434840.361155 6478095.463815 3036.254476
434779.537165 6478291.661034 2945.949125
434813.691892 6478458.411874 2965.425831
434762.421737 6478116.755633 2942.418536
434858.100876 6478583.531176 2972.704300
434713.752403 6478292.986642 2859.355192
434741.761055 6478450.645534 2870.350692
434783.599435 6478602.215007 2878.981049
434688.896568 6478137.053823 2848.499444
434683.834613 6478463.467901 2773.346216
434654.043876 6478307.769678 2763.527141
434717.217158 6478618.810902 2783.007026
434616.516235 6478157.123783 2753.809443
434654.514161 6478627.257321 2683.318724
434622.726307 6478466.866974 2674.947860
434591.195131 6478315.682900 2666.410672
434548.357243 6478176.487153 2652.845234
434592.996978 6478604.517321 2594.134105
434548.560473 6478434.272819 2571.294732
434514.004796 6478247.884793 2582.391892
435069.896827 6478303.670243 3271.017546
434994.728106 6478382.043991 3177.421356
435091.365516 6478404.769250 3256.017509
435118.248560 6478504.905201 3240.110591
434989.881686 6478201.380200 3200.918852
435035.547996 6478538.534800 3150.619029
434921.327601 6478265.088033 3112.650478
434923.608455 6478423.693990 3096.964410
434917.099858 6478100.059296 3125.969479
434943.797957 6478562.061611 3062.848244
434846.134457 6478214.877775 3030.090568
434858.272393 6478368.075443 3030.419639
434840.361155 6478095.463815 3036.254476
434813.691892 6478458.411874 2965.425831
434762.421737 6478116.755633 2942.418536
434779.537165 6478291.661034 2945.949125
434858.100876 6478583.531176 2972.704300
434741.761055 6478450.645534 2870.350692
434783.599435 6478602.215007 2878.981049
434713.752403 6478292.986642 2859.355192
434688.896568 6478137.053823 2848.499444
434683.834613 6478463.467901 2773.346216
434717.217158 6478618.810902 2783.007026
434654.043876 6478307.769678 2763.527141
434616.516235 6478157.123783 2753.809443
434622.726307 6478466.866974 2674.947860
434654.514161 6478627.257321 2683.318724
434591.195131 6478315.682900 2666.410672
434548.357243 6478176.487153 2652.845234
434548.560473 6478434.272819 2571.294732
434592.996978 6478604.517321 2594.134105
434514.004796 6478247.884793 2582.391892
