434018.724253 6478308.868507 3170.289618
434127.521428 6478258.627028 3107.483534
434141.490481 6478314.254741 3199.323564
434008.706350 6478373.114107 3267.177952
434155.486719 6478370.057989 3291.131989
433906.806632 6478360.837882 3230.430075
433992.332009 6478438.134412 3353.251991
433795.770082 6478424.149562 3287.423729
434169.328632 6478426.024489 3382.933577
434021.842366 6478501.541715 3448.738762
433835.402459 6478477.465417 3363.534736
433871.038076 6478527.691833 3436.358381
434163.131100 6478489.773508 3471.817899
433686.130452 6478492.689947 3343.194293
433890.128388 6478590.448310 3521.826944
434044.689700 6478562.013793 3535.739210
433704.586896 6478556.197483 3419.788943
433731.579206 6478611.235062 3497.854357
434127.521428 6478258.627028 3107.483534
434018.724253 6478308.868507 3170.289618
433938.153768 6478279.798748 3117.853442
433906.806632 6478360.837882 3230.430075
433982.922376 6478211.936897 3014.237591
433779.962472 6478353.560175 3198.410213
434112.830423 6478199.970915 3011.378744
433818.789050 6478223.954829 3024.681364
433795.770082 6478424.149562 3287.423729
433783.055143 6478291.640035 3117.920987
434098.012395 6478140.488173 2915.445985
433876.056169 6478150.189816 2915.821575
433665.986930 6478415.228789 3252.286982
433647.842595 6478341.598087 3160.122024
433716.378720 6478168.474834 2939.478572
433630.321698 6478269.680754 3067.431251
433686.130452 6478492.689947 3343.194293
433901.167691 6478097.798980 2837.804917
433613.272133 6478200.840908 2973.876693
433817.430563 6478128.884059 2883.651425
434075.803399 6478077.823267 2818.474104
433601.183317 6478132.475550 2879.136853
433659.905033 6478071.636023 2797.211041
433980.826349 6478041.585858 2760.190055
433805.522670 6478037.299836 2752.820252
434018.724253 6478308.868507 3170.289618
434141.490481 6478314.254741 3199.323564
434127.521428 6478258.627028 3107.483534
434008.706350 6478373.114107 3267.177952
434155.486719 6478370.057989 3291.131989
433906.806632 6478360.837882 3230.430075
433992.332009 6478438.134412 3353.251991
433795.770082 6478424.149562 3287.423729
434169.328632 6478426.024489 3382.933577
433835.402459 6478477.465417 3363.534736
434021.842366 6478501.541715 3448.738762
433871.038076 6478527.691833 3436.358381
433686.130452 6478492.689947 3343.194293
434163.131100 6478489.773508 3471.817899
433704.586896 6478556.197483 3419.788943
433890.128388 6478590.448310 3521.826944
434044.689700 6478562.013793 3535.739210
433731.579206 6478611.235062 3497.854357
433795.770082 6478424.149562 3287.423729
433665.986930 6478415.228789 3252.286982
433686.130452 6478492.689947 3343.194293
433779.962472 6478353.560175 3198.410213
433647.842595 6478341.598087 3160.122024
433906.806632 6478360.837882 3230.430075
433783.055143 6478291.640035 3117.920987
433938.153768 6478279.798748 3117.853442
433630.321698 6478269.680754 3067.431251
434018.724253 6478308.868507 3170.289618
433818.789050 6478223.954829 3024.681364
434127.521428 6478258.627028 3107.483534
433613.272133 6478200.840908 2973.876693
433982.922376 6478211.936897 3014.237591
433716.378720 6478168.474834 2939.478572
433876.056169 6478150.189816 2915.821575
434112.830423 6478199.970915 3011.378744
433601.183317 6478132.475550 2879.136853
434098.012395 6478140.488173 2915.445985
433817.430563 6478128.884059 2883.651425
433659.905033 6478071.636023 2797.211041
433901.167691 6478097.798980 2837.804917
434075.803399 6478077.823267 2818.474104
433980.826349 6478041.585858 2760.190055
433805.522670 6478037.299836 2752.820252
