435592.653340 6478122.964146 3077.912982
435567.551573 6478161.247565 2984.343615
435554.293780 6478002.196261 3037.105303
435581.319854 6478287.090098 3071.879918
435591.966105 6477993.875311 3136.643048
435617.863413 6478199.459271 3141.660593
435527.044751 6478338.864067 2984.530995
435611.755671 6478359.521996 3186.594969
435549.549642 6478437.109303 3094.468184
435639.302212 6478191.724784 3210.862870
435484.782181 6478509.329564 3010.333374
435622.085453 6477986.177536 3237.125807
435574.798586 6478542.702187 3183.103366
435658.742633 6478286.285428 3290.791380
435525.513084 6478614.745488 3097.024365
435650.725664 6478102.348545 3265.221463
435624.313082 6478465.424462 3269.989066
435474.207643 6478669.854238 3009.566435
435652.204950 6477978.479723 3337.609060
435558.831489 6478725.496967 3183.570032
435601.262779 6478655.169828 3267.272432
435678.280029 6478184.983403 3356.515305
435674.305266 6478388.417233 3357.944078
435438.166849 6478514.942313 2931.847858
435515.747065 6478774.283490 3100.243287
435651.487150 6478570.292168 3351.484337
435411.303355 6478677.772842 2901.566563
435479.116467 6478837.795585 3032.232968
435695.856773 6478113.828750 3426.631007
435582.210484 6478847.735365 3266.590233
435536.512450 6478882.325923 3175.926698
435625.314516 6478766.667028 3349.458987
435701.981556 6478287.171593 3439.705416
435698.806384 6478475.943862 3443.828333
435440.603690 6478369.579724 2870.308681
435438.888167 6478794.130009 2952.548802
435380.408255 6478539.751872 2835.176603
435486.561997 6478931.951935 3089.964422
435684.252255 6477970.604956 3438.209013
435680.250929 6478646.935440 3436.690687
435505.656130 6478209.085918 2898.557076
435375.294642 6478835.664366 2856.473737
435347.418102 6478707.016172 2802.264791
435431.749065 6478937.064556 2989.831011
435724.429231 6478138.198650 3510.750813
435590.738949 6478995.957696 3346.186657
435543.858665 6479006.682339 3248.095257
435496.623589 6479017.441822 3150.068842
435653.388363 6478830.467289 3432.394806
435729.191246 6478360.099038 3516.335510
435728.766778 6478560.570439 3541.125949
435367.291188 6478396.247270 2765.233018
435429.270604 6478231.289980 2785.443018
435382.333651 6478924.816760 2903.027453
435319.853025 6478563.747809 2739.709525
435440.829011 6479029.038634 3053.665788
435720.253298 6477962.270530 3540.983167
435704.357200 6478708.965832 3513.190160
435512.209516 6478011.228623 2931.171834
435470.743859 6478079.492158 2845.298763
435310.498953 6478894.521560 2779.554414
435283.302989 6478732.925725 2710.039509
435383.334885 6479040.798245 2957.645339
435754.460358 6478085.836083 3604.516431
435750.698201 6478251.611988 3578.105401
435636.258564 6478985.368081 3444.502644
435690.098407 6478859.974739 3532.227464
435759.182415 6478422.854086 3602.128873
435730.568989 6478757.815095 3601.185793
435321.792642 6479052.946105 2862.527800
435756.131689 6477953.964499 3643.407180
435760.444128 6478608.993246 3635.500583
435261.020363 6479065.020346 2767.234585
435244.235557 6478903.837618 2685.782890
435780.042379 6478198.287209 3659.305917
435790.267037 6478068.962650 3705.845537
435793.773618 6478326.389101 3685.733754
435681.699886 6478974.780638 3542.929094
435726.897797 6478964.142839 3642.694303
435792.340946 6478473.637427 3692.504935
435760.599505 6478798.308906 3687.448873
435252.627960 6478984.428982 2726.508738
435787.041080 6478660.506038 3718.278097
435200.649408 6479077.056255 2671.849090
435824.121663 6478214.495521 3756.827759
435837.438968 6478369.063740 3800.691640
435770.409763 6478930.249770 3735.512721
435815.259458 6478516.591815 3762.672204
435807.644304 6478801.513293 3801.339815
435817.328298 6478657.145386 3794.403768
435847.735750 6478523.374248 3848.529626
435844.988342 6478671.147483 3868.956501
435567.551573 6478161.247565 2984.343615
435592.653340 6478122.964146 3077.912982
435554.293780 6478002.196261 3037.105303
435591.966105 6477993.875311 3136.643048
435581.319854 6478287.090098 3071.879918
435617.863413 6478199.459271 3141.660593
435527.044751 6478338.864067 2984.530995
435639.302212 6478191.724784 3210.862870
435549.549642 6478437.109303 3094.468184
435611.755671 6478359.521996 3186.594969
435622.085453 6477986.177536 3237.125807
435484.782181 6478509.329564 3010.333374
435658.742633 6478286.285428 3290.791380
435650.725664 6478102.348545 3265.221463
435525.513084 6478614.745488 3097.024365
435574.798586 6478542.702187 3183.103366
435624.313082 6478465.424462 3269.989066
435652.204950 6477978.479723 3337.609060
435474.207643 6478669.854238 3009.566435
435674.305266 6478388.417233 3357.944078
435678.280029 6478184.983403 3356.515305
435515.747065 6478774.283490 3100.243287
435438.166849 6478514.942313 2931.847858
435558.831489 6478725.496967 3183.570032
435601.262779 6478655.169828 3267.272432
435651.487150 6478570.292168 3351.484337
435695.856773 6478113.828750 3426.631007
435479.116467 6478837.795585 3032.232968
435411.303355 6478677.772842 2901.566563
435527.044751 6478338.864067 2984.530995
435698.806384 6478475.943862 3443.828333
435701.981556 6478287.171593 3439.705416
435684.252255 6477970.604956 3438.209013
435438.888167 6478794.130009 2952.548802
435486.561997 6478931.951935 3089.964422
435536.512450 6478882.325923 3175.926698
435380.408255 6478539.751872 2835.176603
435440.603690 6478369.579724 2870.308681
435582.210484 6478847.735365 3266.590233
435625.314516 6478766.667028 3349.458987
435680.250929 6478646.935440 3436.690687
435724.429231 6478138.198650 3510.750813
435431.749065 6478937.064556 2989.831011
435347.418102 6478707.016172 2802.264791
435375.294642 6478835.664366 2856.473737
435505.656130 6478209.085918 2898.557076
435729.191246 6478360.099038 3516.335510
435728.766778 6478560.570439 3541.125949
435720.253298 6477962.270530 3540.983167
435382.333651 6478924.816760 2903.027453
435440.829011 6479029.038634 3053.665788
435496.623589 6479017.441822 3150.068842
435543.858665 6479006.682339 3248.095257
435367.291188 6478396.247270 2765.233018
435319.853025 6478563.747809 2739.709525
435429.270604 6478231.289980 2785.443018
435567.551573 6478161.247565 2984.343615
435590.738949 6478995.957696 3346.186657
435653.388363 6478830.467289 3432.394806
435704.357200 6478708.965832 3513.190160
435750.698201 6478251.611988 3578.105401
435754.460358 6478085.836083 3604.516431
435383.334885 6479040.798245 2957.645339
435283.302989 6478732.925725 2710.039509
435310.498953 6478894.521560 2779.554414
435470.743859 6478079.492158 2845.298763
435512.209516 6478011.228623 2931.171834
435759.182415 6478422.854086 3602.128873
435730.568989 6478757.815095 3601.185793
435756.131689 6477953.964499 3643.407180
435321.792642 6479052.946105 2862.527800
435636.258564 6478985.368081 3444.502644
435690.098407 6478859.974739 3532.227464
435760.444128 6478608.993246 3635.500583
435793.773618 6478326.389101 3685.733754
435780.042379 6478198.287209 3659.305917
435790.267037 6478068.962650 3705.845537
435244.235557 6478903.837618 2685.782890
435261.020363 6479065.020346 2767.234585
435792.340946 6478473.637427 3692.504935
435726.897797 6478964.142839 3642.694303
435760.599505 6478798.308906 3687.448873
435252.627960 6478984.428982 2726.508738
435681.699886 6478974.780638 3542.929094
435787.041080 6478660.506038 3718.278097
435837.438968 6478369.063740 3800.691640
435824.121663 6478214.495521 3756.827759
435200.649408 6479077.056255 2671.849090
435815.259458 6478516.591815 3762.672204
435770.409763 6478930.249770 3735.512721
435807.644304 6478801.513293 3801.339815
435817.328298 6478657.145386 3794.403768
435847.735750 6478523.374248 3848.529626
435844.988342 6478671.147483 3868.956501
435554.293780 6478002.196261 3037.105303
