432618.035884 6478198.623931 1084.934770
432472.778397 6478300.256473 1048.583331
432505.361656 6478125.918181 1060.255490
432604.658388 6478364.947737 1081.822108
432605.657954 6478022.866498 1089.425787
432733.723291 6478273.160148 1113.619367
432450.024055 6478475.208009 1044.506404
432746.688882 6478124.165391 1120.203255
432741.656179 6478435.698575 1119.742015
432604.365154 6478505.329291 1087.495571
432766.833889 6477988.412562 1132.171922
432849.118730 6478316.659039 1145.658692
432864.604217 6478172.967354 1149.558443
432520.364283 6478556.160203 1068.581665
432895.126774 6478045.155791 1162.750024
432872.456524 6478504.026194 1160.508158
432751.016009 6478601.143728 1134.442797
432421.875345 6478660.088004 1045.857739
432590.704510 6478637.112397 1092.656925
432987.764861 6478195.158579 1183.130427
432955.759581 6478350.393175 1175.375556
432505.361656 6478125.918181 1060.255490
432472.778397 6478300.256473 1048.583331
432618.035884 6478198.623931 1084.934770
432605.657954 6478022.866498 1089.425787
432604.658388 6478364.947737 1081.822108
432746.688882 6478124.165391 1120.203255
432450.024055 6478475.208009 1044.506404
432733.723291 6478273.160148 1113.619367
432766.833889 6477988.412562 1132.171922
432604.365154 6478505.329291 1087.495571
432741.656179 6478435.698575 1119.742015
432864.604217 6478172.967354 1149.558443
432895.126774 6478045.155791 1162.750024
432520.364283 6478556.160203 1068.581665
432849.118730 6478316.659039 1145.658692
432590.704510 6478637.112397 1092.656925
432421.875345 6478660.088004 1045.857739
432751.016009 6478601.143728 1134.442797
432872.456524 6478504.026194 1160.508158
432987.764861 6478195.158579 1183.130427
432955.759581 6478350.393175 1175.375556
