432252.931589 6479679.050159 1123.187463
432350.438245 6479864.046090 1118.774396
432212.277787 6479805.374741 1162.874187
432298.246922 6480001.631484 1158.181047
432389.508644 6479747.036800 1086.848519
432469.956734 6479971.021960 1085.391954
432427.483942 6479633.055086 1048.987210
432523.021016 6479809.952800 1042.382259
432252.931589 6479679.050159 1123.187463
432212.277787 6479805.374741 1162.874187
432350.438245 6479864.046090 1118.774396
432389.508644 6479747.036800 1086.848519
432298.246922 6480001.631484 1158.181047
432523.021016 6479809.952800 1042.382259
432427.483942 6479633.055086 1048.987210
432469.956734 6479971.021960 1085.391954
