435484.782181 6478509.329564 3010.333374
435380.505091 6478553.829014 3085.614320
435372.616782 6478374.082755 3086.706964
435265.792786 6478425.814330 3161.210019
435453.871345 6478288.460668 3037.298644
435355.957341 6478228.073900 3105.532151
435271.108801 6478595.653985 3159.003776
435527.044751 6478338.864067 2984.530995
435355.957341 6478228.073900 3105.532151
435266.576611 6478199.940906 3171.636653
435118.248560 6478504.905201 3240.110591
435567.551573 6478161.247565 2984.343615
435454.162298 6478117.603355 3060.896408
435350.797656 6478084.949246 3133.177904
435203.622973 6478310.912716 3195.507730
435144.523559 6478626.582591 3223.838793
435159.412721 6478412.979313 3219.031407
435350.797656 6478084.949246 3133.177904
435242.979389 6478053.652048 3203.901306
435154.101263 6478174.867213 3237.840764
435012.282326 6478653.438759 3285.299001
435091.365516 6478404.769250 3256.017509
435554.293780 6478002.196261 3037.105303
435459.195468 6477953.814826 3106.781113
435355.539488 6477947.941620 3169.951012
435069.896827 6478303.670243 3271.017546
434971.581624 6478432.910246 3314.955782
435232.889458 6477889.920113 3255.769178
435139.035747 6477999.048365 3277.184065
435044.942241 6478142.035009 3299.761237
435091.365516 6478404.769250 3256.017509
434862.029518 6478563.798255 3356.100599
435563.612072 6477833.770348 3104.749111
435489.358807 6477795.619739 3163.338515
435369.858440 6477828.102177 3213.724670
434948.860998 6478245.355860 3335.244725
434873.842696 6478675.565863 3342.754799
434867.951656 6478452.521106 3362.223083
435303.976659 6477730.575409 3283.865909
435158.255537 6477769.846280 3330.112470
435027.377381 6478042.686703 3320.610528
434948.001797 6478073.708280 3351.481487
434736.614077 6478669.296716 3402.036932
434850.630612 6478297.268490 3379.590759
434726.635253 6478516.916850 3419.072986
435581.859186 6477667.460248 3173.806339
435445.733685 6477696.652276 3231.688856
435008.510825 6477931.803631 3344.999062
434818.008842 6478159.802395 3406.184684
434745.125053 6478361.417984 3428.411183
435010.079926 6477812.324201 3372.861962
434840.597897 6478004.486725 3409.433135
434599.349677 6478653.689829 3462.105482
434697.574900 6478219.656210 3465.692101
434611.583264 6478477.693267 3480.436431
434867.678604 6477863.117865 3418.856441
434688.878624 6478080.584831 3478.181478
434611.319467 6478305.116894 3505.031598
434731.009439 6477923.364701 3468.662315
434475.900241 6478609.639339 3529.860824
434520.691203 6478113.610100 3576.027078
434494.403765 6478443.106011 3546.757213
434615.314221 6478006.065151 3521.009839
434513.766883 6478288.883617 3561.709990
434357.386450 6478548.194154 3603.671569
434435.154135 6478235.622630 3615.536247
434382.158019 6478399.005707 3615.758214
435372.616782 6478374.082755 3086.706964
435380.505091 6478553.829014 3085.614320
435484.782181 6478509.329564 3010.333374
435453.871345 6478288.460668 3037.298644
435265.792786 6478425.814330 3161.210019
435355.957341 6478228.073900 3105.532151
435527.044751 6478338.864067 2984.530995
435271.108801 6478595.653985 3159.003776
435454.162298 6478117.603355 3060.896408
435567.551573 6478161.247565 2984.343615
435118.248560 6478504.905201 3240.110591
435266.576611 6478199.940906 3171.636653
435350.797656 6478084.949246 3133.177904
435159.412721 6478412.979313 3219.031407
435144.523559 6478626.582591 3223.838793
435203.622973 6478310.912716 3195.507730
435554.293780 6478002.196261 3037.105303
435459.195468 6477953.814826 3106.781113
435091.365516 6478404.769250 3256.017509
435012.282326 6478653.438759 3285.299001
435154.101263 6478174.867213 3237.840764
435242.979389 6478053.652048 3203.901306
435355.539488 6477947.941620 3169.951012
434971.581624 6478432.910246 3314.955782
435069.896827 6478303.670243 3271.017546
435563.612072 6477833.770348 3104.749111
435489.358807 6477795.619739 3163.338515
434862.029518 6478563.798255 3356.100599
435139.035747 6477999.048365 3277.184065
435044.942241 6478142.035009 3299.761237
435232.889458 6477889.920113 3255.769178
435369.858440 6477828.102177 3213.724670
434867.951656 6478452.521106 3362.223083
434873.842696 6478675.565863 3342.754799
434948.860998 6478245.355860 3335.244725
435581.859186 6477667.460248 3173.806339
435445.733685 6477696.652276 3231.688856
434726.635253 6478516.916850 3419.072986
434850.630612 6478297.268490 3379.590759
434736.614077 6478669.296716 3402.036932
435027.377381 6478042.686703 3320.610528
435158.255537 6477769.846280 3330.112470
434948.001797 6478073.708280 3351.481487
435303.976659 6477730.575409 3283.865909
434745.125053 6478361.417984 3428.411183
435008.510825 6477931.803631 3344.999062
434818.008842 6478159.802395 3406.184684
434599.349677 6478653.689829 3462.105482
434611.583264 6478477.693267 3480.436431
434697.574900 6478219.656210 3465.692101
435010.079926 6477812.324201 3372.861962
434840.597897 6478004.486725 3409.433135
434611.319467 6478305.116894 3505.031598
434867.678604 6477863.117865 3418.856441
434688.878624 6478080.584831 3478.181478
434475.900241 6478609.639339 3529.860824
434494.403765 6478443.106011 3546.757213
434520.691203 6478113.610100 3576.027078
434731.009439 6477923.364701 3468.662315
434513.766883 6478288.883617 3561.709990
434615.314221 6478006.065151 3521.009839
434357.386450 6478548.194154 3603.671569
434382.158019 6478399.005707 3615.758214
434435.154135 6478235.622630 3615.536247
