435355.539488 6477947.941620 3169.951012
435350.797656 6478084.949246 3133.177904
435261.891647 6477952.213608 3075.941490
435277.841717 6478148.240807 3044.787307
435199.832266 6478094.459440 2979.147484
435355.957341 6478228.073900 3105.532151
435268.909011 6478283.264960 3004.021748
435171.004336 6477974.794263 2984.400936
435192.609773 6478225.127811 2938.384907
435088.088414 6477995.468342 2890.079914
435372.616782 6478374.082755 3086.706964
435226.742849 6478427.311661 2918.730341
435107.615190 6478135.825165 2869.697185
435304.109365 6478409.248900 3005.377059
435142.018785 6478300.587117 2859.685001
435007.746319 6478015.956467 2794.905363
435156.627869 6478443.565753 2831.726998
435071.013339 6478233.879087 2792.977272
434992.589527 6478178.774064 2715.998755
435046.321845 6478341.762261 2729.499662
434945.849897 6478064.117257 2699.919688
435086.895717 6478459.723790 2744.663015
434971.105890 6478286.779929 2651.528249
434900.935961 6478164.303740 2607.184297
435019.580816 6478475.270975 2656.897764
434966.955286 6478394.755163 2614.553097
434914.329757 6478314.239350 2572.208431
434952.320845 6478490.804278 2569.116495
435261.891647 6477952.213608 3075.941490
435350.797656 6478084.949246 3133.177904
435355.539488 6477947.941620 3169.951012
435277.841717 6478148.240807 3044.787307
435355.957341 6478228.073900 3105.532151
435199.832266 6478094.459440 2979.147484
435268.909011 6478283.264960 3004.021748
435171.004336 6477974.794263 2984.400936
435372.616782 6478374.082755 3086.706964
435088.088414 6477995.468342 2890.079914
435192.609773 6478225.127811 2938.384907
435304.109365 6478409.248900 3005.377059
435107.615190 6478135.825165 2869.697185
435226.742849 6478427.311661 2918.730341
435007.746319 6478015.956467 2794.905363
435142.018785 6478300.587117 2859.685001
435071.013339 6478233.879087 2792.977272
435156.627869 6478443.565753 2831.726998
434992.589527 6478178.774064 2715.998755
434945.849897 6478064.117257 2699.919688
435046.321845 6478341.762261 2729.499662
434900.935961 6478164.303740 2607.184297
434971.105890 6478286.779929 2651.528249
435086.895717 6478459.723790 2744.663015
435019.580816 6478475.270975 2656.897764
434914.329757 6478314.239350 2572.208431
434966.955286 6478394.755163 2614.553097
434952.320845 6478490.804278 2569.116495
