433673.396883 6480389.084666 1299.604309
433592.779361 6480419.696848 1219.672167
433712.519858 6480320.848398 1272.994200
433552.229442 6480510.547890 1272.618124
433640.027682 6480325.985534 1172.996505
433453.528404 6480513.989814 1140.624165
433531.160311 6480429.118046 1142.557977
433398.252315 6480599.796826 1173.098029
433568.992709 6480330.936025 1075.131872
433467.588737 6480411.520593 1037.296672
433345.160997 6480538.377432 1038.377171
433437.076500 6480624.221092 1247.277682
433299.641894 6480651.729805 1120.401094
433312.021211 6480725.284553 1223.650793
433222.990843 6480661.710875 1043.136054
433203.740905 6480773.938721 1156.199436
433213.365874 6480717.824798 1099.667745
433106.776107 6480790.660509 1063.328435
433712.519858 6480320.848398 1272.994200
433592.779361 6480419.696848 1219.672167
433673.396883 6480389.084666 1299.604309
433640.027682 6480325.985534 1172.996505
433552.229442 6480510.547890 1272.618124
433531.160311 6480429.118046 1142.557977
433453.528404 6480513.989814 1140.624165
433568.992709 6480330.936025 1075.131872
433398.252315 6480599.796826 1173.098029
433467.588737 6480411.520593 1037.296672
433437.076500 6480624.221092 1247.277682
433345.160997 6480538.377432 1038.377171
433312.021211 6480725.284553 1223.650793
433299.641894 6480651.729805 1120.401094
433222.990843 6480661.710875 1043.136054
433203.740905 6480773.938721 1156.199436
433213.365874 6480717.824798 1099.667745
433106.776107 6480790.660509 1063.328435
