# LAS format log file from PETREL
# Project units are specified as depth units
#==================================================================
~Version information
VERS.   2.0:
WRAP.   NO:
#==================================================================
~Well
STRT .m      899.76960000 :
STOP .m      1083.1068000 :
STEP .m     0.15240000 :
NULL .        -999.250000 :
COMP.           : COMPANY
WELL.  Volve F_F-9_F-9_F-9_ACTUAL   : WELL
FLD.            : FIELD
LOC.            : LOCATION
SRVC.           : SERVICE COMPANY
DATE.  2024-11-14 11:54:39   : Log Export Date {yyyy-MM-dd HH:mm:ss}
PROV.           : PROVINCE
UWI.      : UNIQUE WELL ID
API.            : API NUMBER
#==================================================================
~Curve
DEPT .m                   : DEPTH
BS .in                    : BS
GR .gAPI                  : GR
RDEP .ohm.m               : RDEP
RMED .ohm.m               : RMED
ROP .m                    : ROP
~Parameter
#==================================================================
~Ascii
 899.76960000 17.500000000 14.954524994  -999.250000  -999.250000 7.0338573456
 899.92200000 17.500000000 16.641557693  -999.250000  -999.250000 6.8691849709
 900.07440000 17.500000000 18.157028198  -999.250000  -999.250000 6.8153362274
 900.22680000 17.500000000 17.785306931  -999.250000  -999.250000 6.7977805138
 900.37920000 17.500000000 16.269836426  -999.250000  -999.250000 6.8185696602
 900.53160000 17.500000000 15.497805595  -999.250000  -999.250000 6.7994966507
 900.68400000 17.500000000 15.097492218  -999.250000  -999.250000 6.7635369301
 900.83640000 17.500000000 14.725772858  -999.250000  -999.250000 6.7326006889
 900.98880000 17.500000000 15.211867332  -999.250000  -999.250000 6.6745395660
 901.14120000 17.500000000 15.126086235  -999.250000  -999.250000 6.6340832710
 901.29360000 17.500000000 15.126086235  -999.250000  -999.250000 5.9821195602
 901.44600000 17.500000000 13.782178879  -999.250000  -999.250000 4.7530269623
 901.59840000 17.500000000 14.153897285  -999.250000  -999.250000 4.3473868370
 901.75080000 17.500000000 16.041088104  -999.250000  -999.250000 4.3473868370
 901.90320000 17.500000000 15.469212532  -999.250000  -999.250000 4.8250484467
 902.05560000 17.500000000 16.898902893  -999.250000  -999.250000 5.0240111351
 902.20800000 17.500000000 17.299215317  -999.250000  -999.250000 5.1274418831
 902.36040000 17.500000000 18.528747559  -999.250000  -999.250000 5.6366682053
 902.51280000 17.500000000 18.528747559  -999.250000  -999.250000 5.8154840469
 902.66520000 17.500000000 17.556558609  -999.250000  -999.250000 5.8520684242
 902.81760000 17.500000000 18.128435135  -999.250000  -999.250000 5.9774651527
 902.97000000 17.500000000 18.042652130  -999.250000  -999.250000 6.0594644547
 903.12240000 17.500000000 16.641557693  -999.250000  -999.250000 6.1358904839
 903.27480000 17.500000000 15.898118973  -999.250000  -999.250000 6.2827339172
 903.42720000 17.500000000 15.612181664  -999.250000  -999.250000 6.3869414330
 903.57960000 17.500000000 16.441402435  -999.250000  -999.250000 6.5775141716
 903.73200000 17.500000000 16.927495956  -999.250000  -999.250000 6.5976343155
 903.88440000 17.500000000 15.783743858  -999.250000  -999.250000 6.5459308624
 904.03680000 17.500000000 15.126086235  -999.250000  -999.250000 6.5392022133
 904.18920000 17.500000000 13.982335091  -999.250000  -999.250000 6.5392022133
 904.34160000 17.500000000 13.896553040  -999.250000  -999.250000 6.6114110947
 904.49400000 17.500000000 14.382647514  -999.250000  -999.250000 6.7457141876
 904.64640000 17.500000000 15.326242447  -999.250000  -999.250000 6.8162350655
 904.79880000 17.500000000 15.697961807  -999.250000  -999.250000 6.7921247482
 904.95120000 17.500000000 16.069681168  -999.250000  -999.250000 6.7884416580
 905.10360000 17.500000000 16.355619431  -999.250000  -999.250000 6.7784781456
 905.25600000 17.500000000 15.983900070  -999.250000  -999.250000 6.7132391930
 905.40840000 17.500000000 16.184055328  -999.250000  -999.250000 6.6082324982
 905.56080000 17.500000000 15.126084328  -999.250000  -999.250000 6.5768566132
 905.71320000 17.500000000 15.783741951  -999.250000  -999.250000 6.5136795044
 905.86560000 17.500000000 14.439833641  -999.250000  -999.250000 6.4551105499
 906.01800000 17.500000000 14.554209709  -999.250000  -999.250000 6.3626399040
 906.17040000 17.500000000 14.268271446  -999.250000  -999.250000 6.3468537331
 906.32280000 17.500000000 14.182490349  -999.250000  -999.250000 6.3280405998
 906.47520000 17.500000000 14.182490349  -999.250000  -999.250000 6.3280405998
 906.62760000 17.500000000 15.211866379  -999.250000  -999.250000 6.3096423149
 906.78000000 17.500000000 17.013275146  -999.250000  -999.250000 6.2286343575
 906.93240000 17.500000000 18.442964554  -999.250000  -999.250000 6.2498378754
 907.08480000 17.500000000 18.557338715  -999.250000  -999.250000 6.3319163322
 907.23720000 17.500000000 18.271402359  -999.250000  -999.250000 6.3884973526
 907.38960000 17.500000000 17.213432312  -999.250000  -999.250000 6.3910155296
 907.54200000 17.500000000 15.869523048  -999.250000  -999.250000 6.4049687386
 907.69440000 17.500000000 16.355619431  -999.250000  -999.250000 6.4061112404
 907.84680000 17.500000000 19.500936508  -999.250000  -999.250000 6.4039859772
 907.99920000 17.500000000 26.649383545  -999.250000  -999.250000 6.4115710258
 908.15160000 17.500000000 33.025798798  -999.250000  -999.250000 6.4775238037
 908.30400000 17.500000000 36.943145752  -999.250000  -999.250000 6.5942249298
 908.45640000 17.500000000 32.368141174  -999.250000  -999.250000 6.5942249298
 908.60880000 17.500000000 25.019538879  -999.250000  -999.250000 6.5942249298
 908.76120000 17.500000000 17.585155487  -999.250000  -999.250000 6.5942249298
 908.91360000 17.500000000 15.983903885  -999.250000  -999.250000 2.6084320545
 909.06600000 17.500000000 16.870311737  -999.250000  -999.250000 2.6377704144
 909.21840000 17.500000000 17.899686813  -999.250000  -999.250000 3.1172437668
 909.37080000 17.500000000 17.899686813  -999.250000  -999.250000 3.5714640617
 909.52320000 17.500000000 17.585155487  -999.250000  -999.250000 3.7576570511
 909.67560000 17.500000000 18.157030106  -999.250000  -999.250000 3.9173910618
 909.82800000 17.500000000 17.470779419  -999.250000  -999.250000 4.1026892662
 909.98040000 17.500000000 15.669370651  -999.250000  -999.250000 4.2590446472
 910.13280000 17.500000000 13.582023621  -999.250000  -999.250000 4.2733402252
 910.28520000 17.500000000 13.496241570  -999.250000  -999.250000 4.4289565086
 910.43760000 17.500000000 14.639993668  -999.250000  -999.250000 4.5949740410
 910.59000000 17.500000000 15.211871147  -999.250000  -999.250000 6.3647370338
 910.74240000 17.500000000 16.727340698  -999.250000  -999.250000 6.3647370338
 910.89480000 17.500000000 17.585155487  -999.250000  -999.250000 10.791732788
 911.04720000 17.500000000 19.500938416  -999.250000  -999.250000 12.521292686
 911.19960000 17.500000000 19.415157318  -999.250000  -999.250000 12.208189964
 911.35200000 17.500000000 19.329376221  -999.250000  -999.250000 11.890611649
 911.50440000 17.500000000 17.699529648  -999.250000  -999.250000 11.723248482
 911.65680000 17.500000000 17.041872025  -999.250000  -999.250000 11.246449471
 911.80920000 17.500000000 16.670152664  -999.250000  -999.250000 10.891915321
 911.96160000 17.500000000 17.413591385  -999.250000  -999.250000 10.599767685
 912.11400000 17.500000000 18.929063797  -999.250000  -999.250000 10.573401451
 912.26640000 17.500000000 18.728904724  -999.250000  -999.250000 10.020293236
 912.41880000 17.500000000 20.730470657  -999.250000  -999.250000 9.5452346802
 912.57120000 17.500000000 20.044219971  -999.250000  -999.250000 9.4429340363
 912.72360000 17.500000000 20.987815857  -999.250000  -999.250000 9.1672058105
 912.87600000 17.500000000 19.758281708  -999.250000  -999.250000 9.0787611008
 913.02840000 17.500000000 20.244377136  -999.250000  -999.250000 9.0089178085
 913.18080000 17.500000000 19.958438873  -999.250000  -999.250000 9.0089178085
 913.33320000 17.500000000 18.728904724  -999.250000  -999.250000 9.2988901138
 913.48560000 17.500000000 17.670934677  -999.250000  -999.250000 9.8954944611
 913.63800000 17.500000000 18.643125534  -999.250000  -999.250000 9.6353969574
 913.79040000 17.500000000 17.699529648  -999.250000  -999.250000 9.5044870377
 913.94280000 17.500000000 16.670152664  -999.250000  -999.250000 9.1974573135
 914.09520000 17.500000000 13.982336998  -999.250000  -999.250000 9.1712255478
 914.24760000 17.500000000 13.381867409  -999.250000  -999.250000 9.2177429199
 914.40000000 17.500000000 12.123741150  -999.250000  -999.250000 9.2280931473
 914.55240000 17.500000000 10.979989052  -999.250000  -999.250000 9.3410110474
 914.70480000 17.500000000 11.180146217  -999.250000  -999.250000 9.5322179794
 914.85720000 17.500000000 10.350926399  -999.250000  -999.250000 9.5415649414
 915.00960000 17.500000000 10.837021828  -999.250000  -999.250000 9.5415649414
 915.16200000 17.500000000 9.6074886322  -999.250000  -999.250000 7.8640751839
 915.31440000 17.500000000 10.350926399  -999.250000  -999.250000 7.0469355583
 915.46680000 17.500000000 9.8648328781  -999.250000  -999.250000 7.2854418755
 915.61920000 17.500000000 11.094365120  -999.250000  -999.250000 7.8266444206
 915.77160000 17.500000000 17.956874847  -999.250000  -999.250000 8.1159648895
 915.92400000 17.500000000 23.017976761  -999.250000  -999.250000 8.6555433273
 916.07640000 17.500000000 27.793138504  -999.250000  -999.250000 8.8536539078
 916.22880000 17.500000000 26.363447189  -999.250000  -999.250000 9.5395202637
 916.38120000 17.500000000 29.794702530  -999.250000  -999.250000 9.8655748367
 916.53360000 17.500000000 31.882049561  -999.250000  -999.250000 10.165679932
 916.68600000 17.500000000 33.997989655  -999.250000  -999.250000 10.301802635
 916.83840000 17.500000000 33.626270294  -999.250000  -999.250000 11.789949417
 916.99080000 17.500000000 31.824863434  -999.250000  -999.250000 12.329124451
 917.14320000 17.500000000 28.479387283  -999.250000  -999.250000 12.329124451
 917.29560000 17.500000000 25.705793381  -999.250000  -999.250000 12.329124451
 917.44800000 17.500000000 22.932195663  -999.250000  -999.250000 14.828304291
 917.60040000 17.500000000 24.361885071  -999.250000  -999.250000 14.784722328
 917.75280000 17.500000000 23.589851379  -999.250000  -999.250000 14.621430397
 917.90520000 17.500000000 26.077510834  -999.250000  -999.250000 14.158015251
 918.05760000 12.250000954 24.562038422  -999.250000  -999.250000 13.703383446
 918.21000000 12.250000954 24.562038422  -999.250000  -999.250000 13.575356483
 918.36240000 12.250000954 23.790006638  -999.250000  -999.250000 12.770485878
 918.51480000 12.250000954 25.677194595  -999.250000  -999.250000 12.628431320
 918.66720000 12.250000954 28.536575317  -999.250000  -999.250000 12.056437492
 918.81960000 12.250000954 27.307043076  -999.250000  -999.250000 11.880854607
 918.97200000 12.250000954 24.247509003  -999.250000  -999.250000 11.697218895
 919.12440000 12.250000954 20.530317307  -999.250000  -999.250000 11.526026726
 919.27680000 12.250000954 20.244379044  -999.250000  -999.250000 11.170882225
 919.42920000 12.250000954 19.672504425  -999.250000  -999.250000 11.128479958
 919.58160000 12.250000954 18.614534378  -999.250000  -999.250000 11.128479958
 919.73400000 12.250000954 16.984687805  -999.250000  -999.250000 9.3647117615
 919.88640000 12.250000954 17.184844971  -999.250000  -999.250000 8.3769207001
 920.03880000 12.250000954 15.497813225  -999.250000  -999.250000 8.4843807220
 920.19120000 12.250000954 16.184064865  -999.250000  -999.250000 9.7954406738
 920.34360000 12.250000954 16.098281860  -999.250000  -999.250000 10.023358345
 920.49600000 12.250000954 17.527971268  -999.250000  -999.250000 10.255077362
 920.64840000 12.250000954 17.785316467  -999.250000  -999.250000 10.815514565
 920.80080000 12.250000954 16.927501678  -999.250000  -999.250000 11.412541389
 920.95320000 12.250000954 17.499378204  -999.250000  -999.250000 11.948396683
 921.10560000 12.250000954 16.470001221  -999.250000  -999.250000 12.058216095
 921.25800000 12.250000954 17.985471725  -999.250000  -999.250000 12.058216095
 921.41040000 12.250000954 19.300785065  -999.250000  -999.250000 19.379337311
 921.56280000 12.250000954 20.816257477  -999.250000  -999.250000 22.393917084
 921.71520000 12.250000954 20.930633545  -999.250000  -999.250000 22.393917084
 921.86760000 12.250000954 20.644693375  -999.250000  -999.250000 17.064062119
 922.02000000 12.250000954 24.190322876  -999.250000  -999.250000 11.262208939
 922.17240000 12.250000954 28.565170288  -999.250000  -999.250000 12.030280113
 922.32480000 12.250000954 30.852672577 1.1057164669 1.0741527081 12.103736877
 922.47720000 12.250000954 31.310173035 0.9419119954 0.8968709707 11.868175507
 922.62960000 12.250000954 30.738298416 0.9003573060 0.8478636146 11.756878853
 922.78200000 12.250000954 31.024236679 0.8076689839 0.7495272756 10.921476364
 922.93440000 12.250000954 30.652515411 0.7922253609 0.7515643239 10.512104034
 923.08680000 12.250000954 29.880481720 0.8474339843 0.8268511295 10.528405190
 923.23920000 12.250000954 31.424549103 0.9097895622 0.8721923232 10.346499443
 923.39160000 12.250000954 32.482517242 0.9260255098 0.8712525368 9.9868078232
 923.54400000 12.250000954 34.569866180 0.8853568435 0.8585828543 9.9211044312
 923.69640000 12.250000954 33.225955963 0.9061239362 0.8729065061 9.0094299316
 923.84880000 12.250000954 31.395954132 0.9004750848 0.8815469742 8.2254323959
 924.00120000 12.250000954 28.650949478 0.8709177971 0.8676270247 6.6582603455
 924.15360000 12.250000954 29.308607101 0.8604893684 0.8382300138 6.3517332077
 924.30600000 12.250000954 30.166419983 0.8685711622 0.8201220036 6.3134174347
 924.45840000 12.250000954 30.538141251 0.8586083651 0.8434088826 6.2116832733
 924.61080000 12.250000954 27.678762436 0.8991099000 0.8718932271 6.1067752838
 924.76320000 12.250000954 25.677194595 0.8811047673 0.8721815348 6.1878700256
 924.91560000 12.250000954 25.677194595 0.8909987807 0.8620075583 6.2801356316
 925.06800000 12.250000954 27.192667007 0.8998956680 0.8814340830 6.4668512344
 925.22040000 12.250000954 29.966264725 0.9035379887 0.8819312453 6.7471241951
 925.37280000 12.250000954 31.510332108 0.9271600842 0.8878172040 7.3659663200
 925.52520000 12.250000954 33.626270294 0.8860409260 0.8743283749 7.9284129143
 925.67760000 12.250000954 32.768459320 0.8946143389 0.8669804335 9.8922681808
 925.83000000 12.250000954 31.996427536 0.9016382694 0.8877625465 10.304127693
 925.98240000 12.250000954 31.796268463 0.8909608126 0.8768891692 10.784012794
 926.13480000 12.250000954 33.683460236 0.8915891051 0.8815745115 11.151231766
 926.28720000 12.250000954 33.969398499 0.8992797732 0.8798892498 11.252240181
 926.43960000 12.250000954 34.627056122 0.8819407225 0.8635243773 11.242611885
 926.59200000 12.250000954 34.341117859 0.8693704009 0.8729078174 11.242611885
 926.74440000 12.250000954 34.140964508 0.8808363676 0.8454455137 11.242611885
 926.89680000 12.250000954 31.767681122 0.8387356997 0.8539841175 11.731883049
 927.04920000 12.250000954 29.022676468 0.8898802400 0.9000864029 16.624593735
 927.20160000 12.250000954 29.137048721 0.9146015644 0.8941068053 17.743972778
 927.35400000 12.250000954 29.909082413 0.9029838443 0.8855128288 18.048757553
 927.50640000 12.250000954 32.482524872 0.8961256742 0.8881613612 18.221649170
 927.65880000 12.250000954 34.283931732 0.9021603465 0.8832767606 18.331687927
 927.81120000 12.250000954 32.739868164 0.8858458400 0.8708467484 18.786401749
 927.96360000 12.250000954 31.395957947 0.8991836905 0.8789541721 18.980396271
 928.11600000 12.250000954 29.194236755 0.8978392482 0.8785201907 19.350749969
 928.26840000 12.250000954 30.538145065 0.8902648687 0.8926023841 19.538631439
 928.42080000 12.250000954 30.938457489 0.8902459145 0.8945827484 20.422485352
 928.57320000 12.250000954 30.366584778 0.8940853477 0.8851894140 20.569614410
 928.72560000 12.250000954 30.566740036 0.9054198265 0.8784748316 20.625299454
 928.87800000 12.250000954 31.510335922 0.9012894034 0.8800407052 20.633089066
 929.03040000 12.250000954 32.282371521 0.9002244473 0.8875505924 20.703203201
 929.18280000 12.250000954 31.624713898 0.8899775147 0.8884109259 20.803838730
 929.33520000 12.250000954 28.851114273 0.9031942487 0.8959046602 20.826538086
 929.48760000 12.250000954 29.909086227 0.9132013321 0.8898438811 20.643005371
 929.64000000 12.250000954 31.624711990 0.8960279822 0.8908837438 20.648021698
 929.79240000 12.250000954 33.454715729 0.8964573145 0.8894994259 20.703203201
 929.94480000 12.250000954 32.110805511 0.9054014683 0.9005743265 20.726100922
 930.09720000 12.250000954 32.110805511 0.8993358016 0.8840135932 20.956432343
 930.24960000 12.250000954 33.054401398 0.9093369246 0.8975937963 21.060108185
 930.40200000 12.250000954 34.112373352 0.9215948582 0.8971533179 21.446077347
 930.55440000 12.250000954 32.482524872 0.9038859606 0.8914273381 21.993980408
 930.70680000 12.250000954 29.623147964 0.8898136020 0.8699062467 22.083517075
 930.85920000 12.250000954 29.137052536 0.8777091503 0.8632977605 22.339864731
 931.01160000 12.250000954 30.480960846 0.8788550496 0.8765853643 22.414936066
 931.16400000 12.250000954 34.112373352 0.8874872923 0.8618677855 22.577280045
 931.31640000 12.250000954 35.341907501 0.8778471947 0.8578308821 22.750394821
 931.46880000 12.250000954 34.369716644 0.8741718531 0.8570269346 22.796470642
 931.62120000 12.250000954 33.883621216 0.8743887544 0.8608587980 22.945226669
 931.77360000 12.250000954 32.739871979 0.8805941343 0.8716584444 23.182420731
 931.92600000 12.250000954 31.710494995 0.8734571338 0.8670143485 23.523038864
 932.07840000 12.250000954 30.480960846 0.8692622781 0.8560925126 23.518873215
 932.23080000 12.250000954 30.681118011 0.8761262298 0.8606845140 23.501914978
 932.38320000 12.250000954 31.996431351 0.8776831627 0.8586517572 23.637537003
 932.53560000 12.250000954 31.796274185 0.8743742108 0.8595749140 23.663461685
 932.68800000 12.250000954 31.996431351 0.8889656663 0.8668568730 24.502717972
 932.84040000 12.250000954 32.196590424 0.8801153302 0.8553585410 25.000129700
 932.99280000 12.250000954 31.138618469 0.8762940764 0.8529805541 25.564579010
 933.14520000 12.250000954 30.452369690 0.8809708357 0.8600204587 26.315856934
 933.29760000 12.250000954 29.508773804 0.8776494861 0.8555181623 26.632253647
 933.45000000 12.250000954 29.222835541 0.8681374192 0.8506239653 26.632253647
 933.60240000 12.250000954 28.650960922 0.9058414102 0.8935868740 23.547374725
 933.75480000 12.250000954 30.452369690 0.9357729554 0.9067882895 18.919691086
 933.90720000 12.250000954 34.655658722 0.9132170081 0.9080147147 18.918992996
 934.05960000 12.250000954 36.857376099 0.9151712656 0.8955836892 18.919973373
 934.21200000 12.250000954 37.028942108 0.8993189931 0.8912808895 18.919258118
 934.36440000 12.250000954 34.741436005 0.8835445642 0.8777504563 18.919410706
 934.51680000 12.250000954 33.225967407 0.8844562173 0.8803220391 18.973855972
 934.66920000 12.250000954 33.712062836 0.9035431147 0.8845134974 19.063716888
 934.82160000 12.250000954 34.569873810 0.8931739926 0.8865797520 19.148578644
 934.97400000 12.250000954 35.513469696 0.8833469748 0.8684105873 19.305494308
 935.12640000 12.250000954 33.511905670 0.8814226389 0.8651942015 19.363819122
 935.27880000 12.250000954 30.080650330 0.8862895966 0.8709137440 19.437099457
 935.43120000 12.250000954 27.307052612 0.9010055065 0.8758934140 19.524995804
 935.58360000 12.250000954 27.878927231 0.8921186328 0.8773227334 19.880298615
 935.73600000 12.250000954 29.680337906 0.8887838721 0.8739882708 20.412803650
 935.88840000 12.250000954 31.395965576 0.9025982022 0.8831071258 20.947692871
 936.04080000 12.250000954 32.082218170 0.8859092593 0.8753349781 21.599668503
 936.19320000 12.250000954 32.654090881 0.8931007385 0.8878726959 23.172582626
 936.34560000 12.250000954 32.282371521 0.8808171749 0.8762382865 23.800596237
 936.49800000 12.250000954 31.996435165 0.8777387142 0.8704120517 25.969863892
 936.65040000 12.250000954 32.282371521 0.8852240443 0.8740633726 26.767890930
 936.80280000 12.250000954 32.568309784 0.8819960356 0.8810135126 29.479637146
 936.95520000 12.250000954 32.654090881 0.9107449055 0.8902697563 30.475677490
 937.10760000 12.250000954 32.568313599 0.9110918641 0.9024939537 32.898052216
 937.26000000 12.250000954 31.024248123 0.9000095725 0.8875783682 33.613830566
 937.41240000 12.250000954 31.224405289 0.8963387012 0.8867021203 35.080169678
 937.56480000 12.250000954 36.085350037 0.9220982790 0.9001481533 35.356155396
 937.71720000 12.250000954 42.090045929 0.9480496645 0.9310148954 36.190917969
 937.86960000 12.250000954 49.324275970 1.0668797493 1.1003836393 36.355583191
 938.02200000 12.250000954 57.502101898 1.3438781500 1.2543277740 36.823379517
 938.17440000 12.250000954 68.482116699 1.6146042347 1.5106744766 37.300247192
 938.32680000 12.250000954 72.485244751 1.7699704170 1.7199769020 37.477790833
 938.47920000 12.250000954 68.682273865 1.6090611219 1.6163514853 38.221408844
 938.63160000 12.250000954 58.016792297 1.3275272846 1.3021346331 38.403625488
 938.78400000 12.250000954 48.380680084 0.9368252158 0.9439105988 38.936767578
 938.93640000 12.250000954 42.004264832 0.8534075022 0.8536126614 39.190994263
 939.08880000 12.250000954 40.460201263 0.8474124670 0.8492010236 39.090126038
 939.24120000 12.250000954 40.946296692 0.8485733271 0.8437063694 38.910614014
 939.39360000 12.250000954 41.146457672 0.8594641685 0.8332555294 38.909698486
 939.54600000 12.250000954 40.403018951 0.8603981137 0.8253995180 38.909698486
 939.69840000 12.250000954 40.117080688 0.8528678417 0.8207075000 38.909698486
 939.85080000 12.250000954 38.573013306 0.8243101835 0.8193745613 38.909698486
 940.00320000 12.250000954 38.658794403 0.8302775025 0.8141621351 38.909698486
 940.15560000 12.250000954 36.743011475 0.8262823224 0.8139104247 38.910369873
 940.30800000 12.250000954 34.855823517 0.8249542117 0.8192529678 38.913063049
 940.46040000 12.250000954 33.340351105 0.8188598156 0.8122820854 38.913063049
 940.61280000 12.250000954 32.282379150 0.8307049870 0.8137093186 39.036148071
 940.76520000 12.250000954 32.539722443 0.8329613209 0.8236590624 39.187885284
 940.91760000 12.250000954 32.425350189 0.8249854445 0.8119007945 39.112018585
 941.07000000 12.250000954 32.053630829 0.8399740458 0.8072121739 38.909698486
 941.22240000 12.250000954 31.596132278 0.8288818598 0.8157675862 38.910003662
 941.37480000 12.250000954 33.883636475 0.8304468393 0.8093600273 38.913063049
 941.52720000 12.250000954 36.743015289 0.8016816974 0.7937823534 38.913063049
 941.67960000 12.250000954 37.400669098 0.8057757020 0.7845785618 38.912101746
 941.83200000 12.250000954 35.484886169 0.8077873588 0.7784743905 38.379829407
 941.98440000 12.250000954 33.483322144 0.8143273592 0.7935097814 37.025299072
 942.13680000 12.250000954 32.168010712 0.8198079467 0.7879983783 31.598718643
 942.28920000 12.250000954 30.938474655 0.8390952945 0.8155611157 29.346931458
 942.44160000 12.250000954 32.082229614 0.8242370486 0.8101393580 26.251146317
 942.59400000 12.250000954 33.511917114 0.8114837408 0.7707101107 26.251146317
 942.74640000 12.250000954 34.083789825 0.8015028238 0.7965635657 26.251146317
 942.89880000 12.250000954 34.369731903 0.8304179311 0.8021329045 23.597013474
 943.05120000 12.250000954 34.541294098 0.8155148029 0.8109845519 18.208757401
 943.20360000 12.250000954 34.941604614 0.8049561381 0.7972592711 18.038705826
 943.35600000 12.250000954 34.455513000 0.8048283458 0.7805868387 18.084590912
 943.50840000 12.250000954 34.741451263 0.8160431385 0.7972735167 18.410858154
 943.66080000 12.250000954 33.969417572 0.8110375404 0.7834675908 18.756988525
 943.81320000 12.250000954 32.282382965 0.8029485941 0.7860831022 18.912345886
 943.96560000 12.250000954 31.996446609 0.8152474165 0.7910438776 19.088756561
 944.11800000 12.250000954 33.511917114 0.8099044561 0.7909417748 19.227407455
 944.27040000 12.250000954 34.741451263 0.8202330470 0.7939620614 19.362049103
 944.42280000 12.250000954 36.371299744 0.8127239943 0.7951028943 19.495117188
 944.57520000 12.250000954 40.174270630 0.8176768422 0.7988396883 19.806652069
 944.72760000 12.250000954 47.780223846 0.8217250109 0.7977793813 21.502944946
 944.88000000 12.250000954 57.702262878 1.0283622742 0.9957925081 22.089040756
 945.03240000 12.250000954 66.023056030 1.4707646370 1.3911554813 22.695701599
 945.18480000 12.250000954 66.995239258 1.7693775892 1.6534786224 24.523147583
 945.33720000 12.250000954 61.934139252 1.5839104652 1.5551855564 26.498989105
 945.48960000 12.250000954 55.443351746 1.4785796404 1.4399336576 26.881494522
 945.64200000 12.250000954 54.299598694 1.5645222664 1.5589160919 29.444517136
 945.79440000 12.250000954 54.385383606 1.6388514042 1.6070368290 32.582046509
 945.94680000 12.250000954 53.155849457 1.3265051842 1.3532634974 36.839496613
 946.09920000 12.250000954 47.236934662 0.9234874845 0.9282266498 38.253612518
 946.25160000 12.250000954 42.090053558 0.8622871637 0.8395558000 39.670494080
 946.40400000 12.250000954 38.086925507 0.8767738342 0.8498106003 39.756381989
 946.55640000 12.250000954 38.201297760 0.8812608123 0.8545670509 39.988761902
 946.70880000 12.250000954 37.143329620 0.8673658371 0.8433849812 39.816150665
 946.86120000 12.250000954 35.885204315 0.8363593817 0.8200704455 39.470088959
 947.01360000 12.250000954 34.341136932 0.8301466107 0.7963290215 38.460727692
 947.16600000 12.250000954 34.341136932 0.8289512992 0.8115902543 37.963188171
 947.31840000 12.250000954 34.827232361 0.8223130107 0.8235626221 35.993270874
 947.47080000 12.250000954 36.256919861 0.8296754956 0.8170219660 35.459331512
 947.62320000 12.250000954 37.229106903 0.8327968121 0.8212055564 34.945991516
 947.77560000 12.250000954 37.800979614 0.8149807453 0.8079972267 34.946418762
 947.92800000 12.250000954 38.086917877 0.8252498507 0.7944413424 34.946418762
 948.08040000 12.250000954 38.830360413 0.8167014718 0.7882567048 34.822212219
 948.23280000 12.250000954 38.916141510 0.7891771197 0.7786785364 34.749618530
 948.38520000 12.250000954 37.858177185 0.7926892042 0.7817426324 34.946418762
 948.53760000 12.250000954 36.056770325 0.8129513860 0.7851428986 34.945873260
 948.69000000 12.250000954 35.770828247 0.8331161737 0.8139116764 34.943702698
 948.84240000 12.250000954 35.885204315 0.8141248822 0.8118219376 35.019355774
 948.99480000 12.250000954 34.369731903 0.8383274674 0.8118847609 35.170661926
 949.14720000 12.250000954 32.854259491 0.8282384872 0.8063319325 35.063152313
 949.29960000 12.250000954 33.511917114 0.8349454403 0.8136600852 34.943702698
 949.45200000 12.250000954 35.885204315 0.8491083980 0.8192905784 35.397987366
 949.60440000 12.250000954 36.171138763 0.8549740911 0.8313076496 36.314956665
 949.75680000 12.250000954 35.027389526 0.8435674310 0.8334094882 36.576000214
 949.90920000 12.250000954 35.141765594 0.8536491394 0.8240107298 37.074172974
 950.06160000 12.250000954 36.285514832 0.8645118475 0.8377622366 37.897106171
 950.21400000 12.250000954 36.857391357 0.8539220691 0.8444572091 38.811626434
 950.36640000 12.250000954 35.970985413 0.8652599454 0.8339320421 39.014263153
 950.51880000 12.250000954 37.486454010 0.8852267861 0.8390471935 40.121906281
 950.67120000 12.250000954 40.460212708 0.8763012886 0.8594669700 41.574890137
 950.82360000 12.250000954 46.007400513 0.8994686007 0.8693258166 42.870811462
 950.97600000 12.250000954 51.068504333 0.9365791082 0.9100071788 43.738376617
 951.12840000 12.250000954 55.157413483 1.0585893393 1.0429480076 44.856430054
 951.28080000 12.250000954 56.301166534 1.4617457390 1.3958336115 46.406013489
 951.43320000 12.250000954 55.043037415 1.5933288336 1.5519468784 48.183708191
 951.58560000 12.250000954 52.669754028 1.6208820343 1.5436286926 50.009670258
 951.73800000 12.250000954 49.524436951 1.2887006998 1.2835892439 51.981361389
 951.89040000 12.250000954 45.521305084 0.9935669899 1.0084439516 53.787204742
 952.04280000 12.250000954 41.775520325 0.9019478559 0.9039604664 53.525859833
 952.19520000 12.250000954 41.775520325 0.8814524412 0.8875814080 53.264507294
 952.34760000 12.250000954 43.691303253 0.9002763629 0.8666476011 53.264507294
 952.50000000 12.250000954 44.949428558 0.8771205544 0.8638198972 53.012149811
 952.65240000 12.250000954 43.319583893 0.8832594752 0.8592848778 51.528572083
 952.80480000 12.250000954 40.174266815 0.8855630755 0.8573198318 49.771278381
 952.95720000 12.250000954 38.544414520 0.8883851171 0.8587830663 49.427680969
 953.10960000 12.250000954 39.888324738 0.8840627670 0.8666450381 46.901836395
 953.26200000 12.250000954 42.090045929 0.8865271211 0.8586905599 44.983688354
 953.41440000 12.250000954 40.774730682 0.8838889003 0.8681017756 43.979774475
 953.56680000 12.250000954 37.257698059 0.8539827466 0.8591701388 43.891201019
 953.71920000 12.250000954 35.742221832 0.8810354471 0.8567511439 44.127403259
 953.87160000 12.250000954 35.999568939 0.8865041733 0.8547193408 43.687801361
 954.02400000 12.250000954 34.741439819 0.8799207211 0.8633351326 43.542518616
 954.17640000 12.250000954 32.453937531 0.8881560564 0.8586935401 43.480121613
 954.32880000 12.250000954 33.712062836 0.8558502197 0.8499029875 43.030429840
 954.48120000 12.250000954 36.771598816 0.8648138046 0.8572496176 42.861518860
 954.63360000 12.250000954 40.746131897 0.8723544478 0.8547133803 42.833805084
 954.78600000 12.250000954 41.518165588 0.8786669970 0.8405830860 42.644618988
 954.93840000 12.250000954 40.860507965 0.8797645569 0.8685327172 42.861518860
 955.09080000 12.250000954 38.487224579 0.8884233832 0.8566312194 42.556659698
 955.24320000 12.250000954 37.629409790 0.8724097013 0.8641865253 42.528942108
 955.39560000 12.250000954 38.858943939 0.8721150756 0.8659790158 42.528942108
 955.54800000 12.250000954 41.432384491 0.8855373263 0.8633291721 42.528942108
 955.70040000 12.250000954 43.519729614 0.9032699466 0.8866951466 42.528942108
 955.85280000 12.250000954 43.433948517 0.8989954591 0.8859077692 42.528942108
 956.00520000 12.250000954 41.632545471 0.8936912417 0.8592720628 42.283359528
 956.15760000 12.250000954 38.773162842 0.8784509301 0.8716700077 42.201839447
 956.31000000 12.250000954 36.085346222 0.8630709052 0.8639481068 42.079254150
 956.46240000 12.250000954 32.739871979 0.8911634684 0.8597643375 41.882946014
 956.61480000 12.250000954 30.652523041 0.8824719787 0.8354557157 41.882946014
 956.76720000 12.250000954 29.794710159 0.8682659268 0.8390167952 41.882946014
 956.91960000 12.250000954 31.424556732 0.8526155353 0.8482443690 41.882946014
 957.07200000 12.250000954 33.225967407 0.8660787344 0.8513206244 41.882946014
 957.22440000 12.250000954 35.227531433 0.8579959869 0.8497819304 41.882946014
 957.37680000 12.250000954 36.657218933 0.8548184037 0.8481256366 41.882946014
 957.52920000 12.250000954 37.229095459 0.8580574393 0.8291752338 42.124824524
 957.68160000 12.250000954 35.885185242 0.8460137844 0.8275020719 42.205451965
 957.83400000 12.250000954 33.311744690 0.8408615589 0.8291530609 42.528942108
 957.98640000 12.250000954 31.882057190 0.8534170985 0.8259031177 42.528942108
 958.13880000 12.250000954 32.282371521 0.8513963223 0.8341961503 42.528942108
 958.29120000 12.250000954 33.883628845 0.8424079418 0.8384888172 42.572322845
 958.44360000 12.250000954 33.025814056 0.8509825468 0.8192502260 42.861518860
 958.59600000 12.250000954 32.253780365 0.8699046373 0.8530097008 42.861518860
 958.74840000 12.250000954 32.167995453 0.8812054992 0.8668255210 42.861518860
 958.90080000 12.250000954 33.311752319 0.8652178645 0.8543307185 42.861518860
 959.05320000 12.250000954 34.541282654 0.8771706223 0.8590960503 42.861518860
 959.20560000 12.250000954 34.741443634 0.8512810469 0.8533196449 42.861518860
 959.35800000 12.250000954 33.769252777 0.8505199552 0.8289057016 42.084239960
 959.51040000 12.250000954 32.539718628 0.8644685745 0.8306286931 41.879043579
 959.66280000 12.250000954 31.967844009 0.8589340448 0.8417419195 41.851764679
 959.81520000 12.250000954 32.940032959 0.8872116208 0.8567534089 41.431255341
 959.96760000 12.250000954 31.996437073 0.8752141595 0.8393907547 41.021369934
 960.12000000 12.250000954 31.424560547 0.8491787314 0.8393253684 40.944328308
 960.27240000 12.250000954 31.882062912 0.8507887125 0.8318275213 40.944328308
 960.42480000 12.250000954 33.969409943 0.8455273509 0.8036189675 40.716636658
 960.57720000 12.250000954 34.998783112 0.8338525891 0.8169651628 40.640739441
 960.72960000 12.250000954 33.683471680 0.8479324579 0.8204085827 40.640739441
 960.88200000 12.250000954 32.825656891 0.8472847342 0.8072933555 40.889133453
 961.03440000 12.250000954 31.510343552 0.8352354765 0.8170840144 40.889133453
 961.18680000 12.250000954 31.310188293 0.8218020797 0.8143602610 40.638732910
 961.33920000 12.250000954 31.310188293 0.8384373784 0.8147131801 40.637058258
 961.49160000 12.250000954 33.311752319 0.8433859348 0.8114849329 40.687644958
 961.64400000 12.250000954 35.713626862 0.8397929668 0.8308492899 41.080646515
 961.79640000 12.250000954 37.429252625 0.8328893185 0.8297453523 41.248706818
 961.94880000 12.250000954 37.143318176 0.8586631417 0.8326292038 41.248706818
 962.10120000 12.250000954 37.229099274 0.8562787175 0.8312596679 41.561481476
 962.25360000 12.250000954 37.715194702 0.8595576882 0.8340299129 41.563987732
 962.40600000 12.250000954 37.314880371 0.8311018944 0.8325469494 41.565326691
 962.55840000 12.250000954 36.457069397 0.8607004881 0.8271813989 41.725360870
 962.71080000 12.250000954 35.113159180 0.8577860594 0.8324564695 42.384098053
 962.86320000 12.250000954 37.314880371 0.8557183146 0.8407524228 42.248168945
 963.01560000 12.250000954 38.544410706 0.8476197124 0.8416717052 42.205451965
 963.16800000 12.250000954 39.688163757 0.8603134751 0.8368999958 42.044197083
 963.32040000 12.250000954 37.028942108 0.8654760122 0.8292768598 41.882946014
 963.47280000 12.250000954 35.313316345 0.8546507955 0.8376575112 41.882946014
 963.62520000 12.250000954 34.083782196 0.8306773305 0.8339359760 41.882946014
 963.77760000 12.250000954 33.998004913 0.8440175056 0.8390030265 42.114616394
 963.93000000 12.250000954 33.912223816 0.8400256634 0.8226245046 42.201492310
 964.08240000 12.250000954 33.626285553 0.8478308320 0.8252922893 42.094013214
 964.23480000 12.250000954 33.998004913 0.8445291519 0.8277292252 41.879043579
 964.38720000 12.250000954 34.569881439 0.8414214253 0.8211153150 42.173454285
 964.53960000 12.250000954 35.427692413 0.8457155824 0.8162713647 42.242427826
 964.69200000 12.250000954 35.341911316 0.8400230408 0.8235293031 42.528942108
 964.84440000 12.250000954 33.998004913 0.8461746573 0.8435706496 42.728488922
 964.99680000 12.250000954 31.710502625 0.8427307010 0.8295954466 43.143032074
 965.14920000 12.250000954 30.080657959 0.8491858244 0.8300896883 43.199337006
 965.30160000 12.250000954 28.650966644 0.8348780870 0.8276392221 43.542518616
 965.45400000 12.250000954 28.250654221 0.8333851099 0.8266302347 43.716861725
 965.60640000 12.250000954 28.164873123 0.8390604854 0.8377776742 44.156932831
 965.75880000 12.250000954 28.851127625 0.8610287905 0.8279403448 44.245510101
 965.91120000 12.250000954 29.537376404 0.8540289402 0.8164050579 44.245510101
 966.06360000 12.250000954 31.052846909 0.8396775126 0.8285264969 44.052249908
 966.21600000 12.250000954 33.797847748 0.8474306464 0.8317044973 43.891201019
 966.36840000 12.250000954 36.371288300 0.8398317695 0.8191156983 43.891201019
 966.52080000 12.250000954 36.743007660 0.8413166404 0.8324118257 43.891201019
 966.67320000 12.250000954 35.427692413 0.8491655588 0.8350541592 43.703449249
 966.82560000 12.250000954 34.198158264 0.8587183952 0.8317474127 44.069759369
 966.97800000 12.250000954 33.254562378 0.8456975818 0.8179900050 44.554145813
 967.13040000 12.250000954 32.368156433 0.8425768614 0.8255023956 44.945426941
 967.28280000 12.250000954 33.683467865 0.8365929127 0.8263784051 44.971572876
 967.43520000 12.250000954 36.056751251 0.8379985690 0.8348374963 45.721858978
 967.58760000 12.250000954 35.970973969 0.8275184035 0.8239074349 46.972175598
 967.74000000 12.250000954 34.055187225 0.8440267444 0.8114877939 47.848934174
 967.89240000 12.250000954 33.311752319 0.8036602736 0.8077878952 49.074279785
 968.04480000 12.250000954 34.569877625 0.8191629648 0.7964570522 49.609249115
 968.19720000 12.250000954 35.055976868 0.8240281343 0.8045184016 50.620738983
 968.34960000 12.250000954 34.369724274 0.8042930365 0.7991177440 51.859073639
 968.50200000 12.250000954 35.599250793 0.8223322034 0.7987897992 52.349571228
 968.65440000 12.250000954 35.427688599 0.8315470219 0.7990288734 52.861717224
 968.80680000 12.250000954 33.626281738 0.8220170140 0.8148587942 53.264507294
 968.95920000 12.250000954 31.338777542 0.8442106843 0.8130066991 53.266464233
 969.11160000 12.250000954 31.138622284 0.8539616466 0.8179295063 53.270816803
 969.26400000 12.250000954 31.510341644 0.8633310199 0.8586493134 53.040172577
 969.41640000 12.250000954 32.453937531 0.8921476007 0.8682407141 53.008186340
 969.56880000 12.250000954 36.828788757 0.8621118069 0.8582884669 53.264507294
 969.72120000 12.250000954 48.352085114 0.9188233018 0.9150285721 53.482299805
 969.87360000 12.250000954 59.618038177 1.1417933702 1.1054844856 53.947124481
 970.02600000 12.250000954 69.339927673 1.7177457809 1.6024034023 54.320266724
 970.17840000 12.250000954 71.941963196 1.7923820019 1.7223222256 54.083351135
 970.33080000 12.250000954 70.397895813 1.7693456411 1.7318389416 53.787204742
 970.48320000 12.250000954 64.393196106 1.6188086271 1.5683273077 53.787204742
 970.63560000 12.250000954 55.414749146 1.4676349163 1.4621696472 53.787204742
 970.78800000 12.250000954 49.410053253 1.2834626436 1.2725023031 54.134109497
 970.94040000 12.250000954 43.891452789 0.9157053232 0.8874139786 53.954673767
 971.09280000 12.250000954 40.660358429 0.8814231157 0.8643665910 53.787204742
 971.24520000 12.250000954 38.001136780 0.8857707381 0.8558342457 52.973724365
 971.39760000 12.250000954 41.432388306 0.9238761663 0.9042168260 52.354431152
 971.55000000 12.250000954 47.723022461 0.9894042015 0.9632456899 51.816421509
 971.70240000 12.250000954 54.099433899 1.2099770308 1.1581733227 52.205726624
 971.85480000 12.250000954 57.616470337 1.6334946156 1.4915547371 52.255077362
 972.00720000 12.250000954 59.046157837 1.6505160332 1.6062688828 52.248996735
 972.15960000 12.250000954 58.474285126 1.6660656929 1.6632164717 52.248996735
 972.31200000 12.250000954 50.096302032 1.2979139090 1.2450709343 52.166770935
 972.46440000 12.250000954 41.318008423 0.9990724921 0.9932732582 51.278846741
 972.61680000 12.250000954 34.741436005 0.8777046204 0.8983911872 50.504695892
 972.76920000 12.250000954 35.113155365 0.8920212388 0.8459649682 46.712238312
 972.92160000 12.250000954 35.885185242 0.8611360192 0.8519130945 45.424846649
 973.07400000 12.250000954 35.513469696 0.8826884627 0.8472712636 42.384166718
 973.22640000 12.250000954 34.198158264 0.8584368825 0.8231893182 41.575717926
 973.37880000 12.250000954 33.140186310 0.8392106891 0.8102056980 39.916507721
 973.53120000 12.250000954 32.482524872 0.8211368322 0.8178247809 39.532855988
 973.68360000 12.250000954 32.940025330 0.8428938389 0.8067045808 38.129508972
 973.83600000 12.250000954 33.712062836 0.8153719902 0.8029763103 37.838516235
 973.98840000 12.250000954 33.597686768 0.8103489876 0.8020829558 36.964027405
 974.14080000 12.250000954 32.654090881 0.8337738514 0.8034885526 37.232017517
 974.29320000 12.250000954 32.739871979 0.8122801185 0.8012196422 37.416309357
 974.44560000 12.250000954 34.855812073 0.8201656938 0.8066425323 38.153125763
 974.59800000 12.250000954 36.485656738 0.8226479888 0.7978749871 38.364994049
 974.75040000 12.250000954 35.713626862 0.8065665960 0.8038088083 39.030384064
 974.90280000 12.250000954 34.455497742 0.8211295605 0.8020519018 39.191307068
 975.05520000 12.250000954 32.911434174 0.8217974305 0.7881552577 39.190681458
 975.20760000 12.250000954 33.883621216 0.8089875579 0.7965226769 39.328987122
 975.36000000 12.250000954 33.883621216 0.8070454001 0.8030289412 39.704330444
 975.51240000 12.250000954 34.369716644 0.8357838392 0.7918257713 39.794269562
 975.66480000 12.250000954 33.597682953 0.8111729622 0.8008351922 40.046859741
 975.81720000 12.250000954 33.225963593 0.8250569105 0.8071619272 40.288013458
 975.96960000 12.250000954 33.140178680 0.8309984207 0.7972816229 40.380622864
 976.12200000 12.250000954 33.426116943 0.8247752786 0.7920018435 40.778732300
 976.27440000 12.250000954 33.511898041 0.8191680908 0.8097140789 40.941276550
 976.42680000 12.250000954 32.940021515 0.8192764521 0.8107624054 40.984615326
 976.57920000 12.250000954 32.368148804 0.8169255257 0.8051682711 41.248706818
 976.73160000 12.250000954 31.596115112 0.8184598684 0.8140037060 40.987808228
 976.88400000 12.250000954 33.969398499 0.8353819251 0.8157584071 40.944328308
 977.03640000 12.250000954 34.369712830 0.8418332338 0.8198033571 40.778732300
 977.18880000 12.250000954 34.484092712 0.8491612077 0.8179181814 40.916728973
 977.34120000 12.250000954 31.624711990 0.8475047946 0.8331267834 40.944328308
 977.49360000 12.250000954 30.080644608 0.8494982123 0.8162354231 40.759536743
 977.64600000 12.250000954 30.538145065 0.8374176621 0.8151064515 40.640739441
 977.79840000 12.250000954 31.281585693 0.8353407383 0.8354216814 40.441318512
 977.95080000 12.250000954 34.627059937 0.8364811540 0.8165607452 40.450382233
 978.10320000 12.250000954 36.743000031 0.8364221454 0.8183469772 40.341606140
 978.25560000 12.250000954 36.657218933 0.8528817296 0.8156129122 40.726409912
 978.40800000 12.250000954 35.141750336 0.8264209032 0.8356412053 40.742637634
 978.56040000 12.250000954 33.511901855 0.8431172967 0.8237177134 40.637058258
 978.71280000 12.250000954 34.369716644 0.8316203356 0.8168970942 40.940597534
 978.86520000 12.250000954 35.685028076 0.8426227570 0.8099882007 40.942970276
 979.01760000 12.250000954 36.342685699 0.8308798671 0.8249020576 40.944328308
 979.17000000 12.250000954 35.484874725 0.8427018523 0.8134409785 41.028373718
 979.32240000 12.250000954 33.769248962 0.8404258490 0.8088726401 41.252490997
 979.47480000 12.250000954 33.111591339 0.8299088478 0.8243278861 41.538124084
 979.62720000 12.250000954 35.399089813 0.8496463299 0.8228015900 41.565326691
 979.77960000 12.250000954 36.056751251 0.8178171515 0.8027482033 41.565326691
 979.93200000 12.250000954 36.056751251 0.8112291694 0.8009336591 41.825195313
 980.08440000 12.250000954 34.455497742 0.8353693485 0.8034811616 41.882946014
 980.23680000 12.250000954 33.025806427 0.8183264136 0.8003817201 41.990447998
 980.38920000 12.250000954 32.368148804 0.8301104903 0.7896911502 42.203041077
 980.54160000 12.250000954 30.337991714 0.8252686858 0.7860002518 42.488010406
 980.69400000 12.250000954 29.308614731 0.8104199171 0.7941174507 42.528942108
 980.84640000 12.250000954 30.337991714 0.8612002730 0.8188746572 42.528942108
 980.99880000 12.250000954 33.597682953 0.8643748760 0.8215550780 42.528942108
 981.15120000 12.250000954 38.916126251 0.8427197337 0.8307556510 42.528942108
 981.30360000 12.250000954 47.408481598 0.8986935616 0.8928980231 42.528942108
 981.45600000 12.250000954 56.272556305 1.1608638763 1.1182792187 42.528942108
 981.60840000 12.250000954 63.049282074 1.5153310299 1.4181389809 43.238445282
 981.76080000 12.250000954 63.907096863 1.7404440641 1.6673626900 44.034610748
 981.91320000 12.250000954 60.761779785 1.6265819073 1.5851569176 45.014183044
 982.06560000 12.250000954 54.471145630 1.3112927675 1.2990587950 46.426467896
 982.21800000 12.250000954 44.577693939 0.8403480053 0.8453664184 43.550880432
 982.37040000 12.250000954 37.028934479 0.8133823872 0.8283999562 40.469566345
 982.52280000 12.250000954 33.426113129 0.8479717970 0.8113753200 37.550048828
 982.67520000 12.250000954 34.569866180 0.8193348050 0.7862144113 34.894775391
 982.82760000 12.250000954 36.199714661 0.7855055332 0.7526704073 30.513189316
 982.98000000 12.250000954 38.086902618 0.7780513763 0.7179258466 27.431999207
 983.13240000 12.250000954 38.458621979 0.8032987714 0.7885186672 27.431999207
 983.28480000 12.250000954 38.572994232 0.8148279786 0.8052974939 24.665817261
 983.43720000 12.250000954 39.144870758 0.8264338970 0.7983050942 14.224211693
 983.58960000 12.250000954 39.230655670 0.8049752712 0.7843270898 16.089666367
 983.74200000 12.250000954 38.344245911 0.8225188255 0.7839056849 17.742765427
 983.89440000 12.250000954 36.142524719 0.8130015135 0.7873951793 18.994373322
 984.04680000 12.250000954 35.570648193 0.8011423349 0.7880832553 20.963996887
 984.19920000 12.250000954 36.256900787 0.7936241627 0.7856789231 21.689743042
 984.35160000 12.250000954 37.028930664 0.7675082088 0.7519797087 18.632474899
 984.50400000 12.250000954 37.143306732 0.8114694953 0.7858777642 17.960489273
 984.65640000 12.250000954 37.515029907 0.7945885062 0.7869971395 18.701765060
 984.80880000 12.250000954 38.001125336 0.8010534048 0.7851168513 21.995548248
 984.96120000 12.250000954 39.716751099 0.8063222170 0.7890071869 22.619781494
 985.11360000 12.250000954 38.944721222 0.7959250808 0.7796782851 23.512620926
 985.26600000 12.250000954 38.086906433 0.7952478528 0.7882725596 23.707971573
 985.41840000 12.250000954 36.542842865 0.7983134389 0.7720262408 24.297456741
 985.57080000 12.250000954 35.227527618 0.7784029841 0.7768291235 24.492963791
 985.72320000 12.250000954 33.397525787 0.7897588015 0.7763046026 24.775266647
 985.87560000 12.250000954 32.167995453 0.7913318872 0.7697308660 25.848939896
 986.02800000 12.250000954 34.255340576 0.7722864747 0.7602174282 36.335136414
 986.18040000 12.250000954 37.114719391 0.7759768963 0.7597807050 37.025783539
 986.33280000 12.250000954 37.858161926 0.7766839862 0.7505543828 37.162555695
 986.48520000 12.250000954 36.542846680 0.7833331227 0.7590247393 37.886920929
 986.63760000 12.250000954 35.313312531 0.7915408015 0.7653571367 38.098320007
 986.79000000 12.250000954 35.141750336 0.7869534492 0.7673514485 38.364994049
 986.94240000 12.250000954 35.799407959 0.7812592983 0.7423981428 36.142555237
 987.09480000 12.250000954 35.713623047 0.7884226441 0.7648798823 34.290523529
 987.24720000 12.250000954 35.799407959 0.7782409191 0.7574530244 34.409019470
 987.39960000 12.250000954 35.999565125 0.7941954136 0.7649911046 35.132843018
 987.55200000 12.250000954 34.455497742 0.7774050236 0.7754731774 35.605064392
 987.70440000 12.250000954 32.940025330 0.7889274359 0.7659027576 35.625072479
 987.85680000 12.250000954 32.940025330 0.7802388072 0.7636059523 35.910671234
 988.00920000 12.250000954 35.427684784 0.7811989188 0.7725593448 36.094272614
 988.16160000 12.250000954 37.343471527 0.8081161976 0.7718052268 36.094272614
 988.31400000 12.250000954 36.743000031 0.8077742457 0.7754755020 35.945823669
 988.46640000 12.250000954 35.027374268 0.7971685529 0.7865960002 35.860996246
 988.61880000 12.250000954 33.969402313 0.7931382656 0.7728047371 41.051517487
 988.77120000 12.250000954 35.027374268 0.8112117052 0.7838823199 41.051517487
 988.92360000 12.250000954 36.743000031 0.7905909419 0.7731580138 40.944328308
 989.07600000 12.250000954 38.258468628 0.8021352887 0.7832446098 40.944328308
 989.22840000 12.250000954 36.743000031 0.8073135018 0.7768401504 40.944328308
 989.38080000 12.250000954 35.227523804 0.7970883250 0.7890978456 40.944328308
 989.53320000 12.250000954 34.169559479 0.7949224114 0.7893716097 40.944328308
 989.68560000 12.250000954 35.685028076 0.8041799068 0.7781361341 41.140434265
 989.83800000 12.250000954 37.200500488 0.8045390844 0.7927799225 41.252490997
 989.99040000 12.250000954 37.972530365 0.8080617189 0.7974548340 41.248706818
 990.14280000 12.250000954 38.744564056 0.8117213845 0.7840048671 41.248706818
 990.29520000 12.250000954 39.602382660 0.7966439724 0.7901719213 41.520683289
 990.44760000 12.250000954 41.146446228 0.8013954759 0.7988740206 41.561481476
 990.60000000 12.250000954 39.916912079 0.8185133934 0.7927799225 41.561481476
 990.75240000 12.250000954 37.915344238 0.7996523976 0.7875943780 42.041488647
 990.90480000 12.250000954 37.143310547 0.7829371095 0.7846614718 42.201492310
 991.05720000 12.250000954 37.314872742 0.8068475723 0.7819416523 42.201492310
 991.20960000 12.250000954 37.800968170 0.8050270677 0.7941088080 42.203903198
 991.36200000 12.250000954 38.287063599 0.8077231050 0.7898061275 42.492031097
 991.51440000 12.250000954 39.916912079 0.8219590187 0.7971509695 42.532970428
 991.66680000 12.250000954 43.348163605 0.8194921613 0.8047002554 42.532970428
 991.81920000 12.250000954 43.805664063 0.8040576577 0.8034632802 42.782447815
 991.97160000 12.250000954 44.177379608 0.8434700966 0.8199114799 42.865608215
 992.12400000 12.250000954 40.545967102 0.8104685545 0.8022835851 42.865608215
 992.27640000 12.250000954 36.828777313 0.7954007983 0.7848379016 42.657707214
 992.42880000 12.250000954 34.455493927 0.7989260554 0.7738017440 42.532970428
 992.58120000 12.250000954 33.883617401 0.7950782776 0.7803418636 42.532970428
 992.73360000 12.250000954 34.941589355 0.7921236157 0.7868763208 42.530956268
 992.88600000 12.250000954 35.227523804 0.8036678433 0.7818163633 42.528942108
 993.03840000 12.250000954 34.855804443 0.7994185090 0.7801405191 42.528942108
 993.19080000 12.250000954 34.283931732 0.7997706532 0.7918091416 42.528942108
 993.34320000 12.250000954 33.426116943 0.8096941710 0.7820926309 42.290798187
 993.49560000 12.250000954 34.455493927 0.8223001957 0.7984455824 42.201492310
 993.64800000 12.250000954 35.027374268 0.8122634292 0.8074896336 42.201492310
 993.80040000 12.250000954 34.083774567 0.8193395734 0.7849372029 42.201492310
 993.95280000 12.250000954 33.054401398 0.8155786991 0.7931489944 42.201492310
 994.10520000 12.250000954 31.996429443 0.8178594112 0.8008424044 42.201492310
 994.25760000 12.250000954 30.824085236 0.8061059117 0.7779527307 42.201492310
 994.41000000 12.250000954 29.194236755 0.7972677946 0.7839367986 42.201492310
 994.56240000 12.250000954 28.908300400 0.7845000625 0.7867748141 42.201492310
 994.71480000 12.250000954 30.538145065 0.8068270683 0.7772303820 42.201492310
 994.86720000 12.250000954 32.253772736 0.7853436470 0.7675974965 42.201492310
 995.01960000 12.250000954 34.055179596 0.7798600793 0.7647766471 42.201492310
 995.17200000 12.250000954 33.283149719 0.7804083824 0.7464751601 42.090694427
 995.32440000 12.250000954 32.425334930 0.7768765688 0.7547080517 41.882946014
 995.47680000 12.250000954 31.481739044 0.7988924980 0.7777500749 41.882946014
 995.62920000 12.250000954 32.539710999 0.8108028173 0.7772068381 41.882946014
 995.78160000 12.250000954 33.883617401 0.8104366064 0.7859927416 41.882946014
 995.93400000 12.250000954 34.941589355 0.8069685102 0.7805901170 41.882946014
 996.08640000 12.250000954 35.427684784 0.7847349048 0.7544342875 41.882946014
 996.23880000 12.250000954 35.599246979 0.7883224487 0.7697878480 41.709701538
 996.39120000 12.250000954 34.741432190 0.7947039008 0.7627583742 41.565326691
 996.54360000 12.250000954 33.597682953 0.7891725898 0.7549447417 41.565326691
 996.69600000 12.250000954 34.283931732 0.7967799306 0.7664190531 41.707923889
 996.84840000 12.250000954 35.627841949 0.7827283740 0.7634331584 41.879043579
 997.00080000 12.250000954 35.913780212 0.8071075082 0.7607156038 41.879043579
 997.15320000 12.250000954 34.484092712 0.7855741978 0.7697641850 41.879043579
 997.30560000 12.250000954 33.140182495 0.7864813209 0.7580471635 41.879043579
 997.45800000 12.250000954 33.340339661 0.8236908913 0.7720909715 41.879043579
 997.61040000 12.250000954 34.283935547 0.8010800481 0.7798192501 41.959655762
 997.76280000 12.250000954 36.657218933 0.8099004030 0.7976943254 42.365219116
 997.91520000 12.250000954 38.916130066 0.8173149228 0.7988585830 42.528942108
 998.06760000 12.250000954 38.058311462 0.8177359700 0.7938396931 42.469406128
 998.22000000 12.250000954 35.970970154 0.7977070808 0.7867596149 42.027740479
 998.37240000 12.250000954 34.083778381 0.7964056134 0.7929069996 41.882946014
 998.52480000 12.250000954 34.569873810 0.7907258868 0.7625895739 41.882946014
 998.67720000 12.250000954 34.083778381 0.7810834050 0.7644704580 41.680824280
 998.82960000 12.250000954 33.597682953 0.7950662971 0.7746931314 41.565326691
 998.98200000 12.250000954 32.253776550 0.7949677706 0.7844290733 41.140434265
 999.13440000 12.250000954 31.395963669 0.8100121617 0.7957791090 40.723537445
 999.28680000 12.250000954 31.195804596 0.8257454634 0.7864699364 40.613544464
 999.43920000 12.250000954 32.911430359 0.8282870650 0.7882661223 40.207630157
 999.59160000 12.250000954 35.399089813 0.7979421020 0.7827177644 40.046859741
 999.74400000 12.250000954 36.743000031 0.8030719757 0.8006282449 40.126258850
 999.89640000 12.250000954 36.371280670 0.8140259385 0.7942400575 40.152725220
 1000.0488000 12.250000954 33.969402313 0.7994794846 0.7954336405 40.046859741
 1000.2012000 12.250000954 31.796274185 0.7944450974 0.7890461683 39.853210449
 1000.3536000 12.250000954 30.280803680 0.7935102582 0.7723113298 40.046859741
 1000.5060000 12.250000954 31.910648346 0.7928404808 0.7865940928 40.046859741
 1000.6584000 12.250000954 33.997997284 0.7804731131 0.7829259634 40.234428406
 1000.8108000 12.250000954 34.455497742 0.7917596698 0.7616040111 40.261222839
 1000.9632000 12.250000954 32.739871979 0.7886962891 0.7759516835 40.341606140
 1001.1156000 12.250000954 32.082210541 0.7990342379 0.7805765867 40.466247559
 1001.2680000 12.250000954 32.940025330 0.7909662724 0.7738616467 40.640739441
 1001.4204000 12.250000954 33.997997284 0.7909604311 0.7738460898 40.640403748
 1001.5728000 12.250000954 33.311744690 0.7982872725 0.7803347707 40.775032043
 1001.7252000 12.250000954 33.683467865 0.7982301116 0.7824810147 40.692245483
 1001.8776000 12.250000954 35.113155365 0.7815891504 0.7788035274 40.637981415
 1002.0300000 12.250000954 37.114715576 0.7797991633 0.7741689086 40.640739441
 1002.1824000 12.250000954 37.515029907 0.7807679772 0.7683206201 40.868431091
 1002.3348000 12.250000954 36.943153381 0.7873467803 0.7670208812 40.944328308
 1002.4872000 12.250000954 36.857376099 0.7680073977 0.7724665999 41.064910889
 1002.6396000 12.250000954 37.515033722 0.7775889039 0.7536301017 41.252490997
 1002.7920000 12.250000954 37.886756897 0.7727329731 0.7504475713 41.252490997
 1002.9444000 12.250000954 37.400661469 0.7704728246 0.7535628080 41.330699921
 1003.0968000 12.250000954 35.970973969 0.7615190744 0.7447042465 41.724136353
 1003.2492000 12.250000954 35.685035706 0.7774590850 0.7493591309 42.332965851
 1003.4016000 12.250000954 36.542846680 0.7687023282 0.7606601715 43.143802643
 1003.5540000 12.250000954 37.114727020 0.7859580517 0.7596281171 43.107200623
 1003.7064000 12.250000954 35.313316345 0.7812381983 0.7577441931 42.649879456
 1003.8588000 12.250000954 33.712062836 0.7746509910 0.7532786727 42.528942108
 1004.0112000 12.250000954 33.511905670 0.7880526781 0.7682135105 42.409870148
 1004.1636000 12.250000954 34.941593170 0.7788106203 0.7681853175 42.201492310
 1004.3160000 12.250000954 35.198940277 0.7891512513 0.7538373470 42.172180176
 1004.4684000 12.250000954 35.027374268 0.7918730378 0.7653172016 41.734699249
 1004.6208000 12.250000954 34.741436005 0.7963299751 0.7885015011 41.305572510
 1004.7732000 12.250000954 34.484092712 0.8148120046 0.7866138816 41.138168335
 1004.9256000 12.250000954 35.141746521 0.7844769359 0.7796635032 40.491176605
 1005.0780000 12.250000954 35.599246979 0.7684926391 0.7514458895 40.565956116
 1005.2304000 12.250000954 35.970970154 0.7889670730 0.7472655177 40.640739441
 1005.3828000 12.250000954 35.599246979 0.7827842236 0.7614094615 41.252490997
 1005.5352000 12.250000954 36.285499573 0.8197214603 0.7836159468 41.567718506
 1005.6876000 12.250000954 39.802532196 0.8333975077 0.8139865994 42.272960663
 1005.8400000 12.250000954 50.182079315 0.9603637457 0.9304753542 42.832344055
 1005.9924000 12.250000954 64.965072632 1.2648781538 1.1790939569 42.865608215
 1006.1448000 12.250000954 82.035568237 1.5093834400 1.4556099176 42.337482452
 1006.2972000 12.250000954 90.899642944 1.7781755924 1.6748595238 42.096649170
 1006.4496000 12.250000954 92.043388367 1.7802871466 1.7240033150 41.363311768
 1006.6020000 12.250000954 87.668540955 1.7410799265 1.7273383141 41.248706818
 1006.7544000 12.250000954 82.350097656 1.7712014914 1.7054027319 41.590351105
 1006.9068000 12.250000954 78.232589722 1.6579840183 1.6222467422 41.879043579
 1007.0592000 12.250000954 71.169921875 1.5728313923 1.5112146139 43.237468719
 1007.2116000 12.250000954 62.591785431 1.4960030317 1.4120440483 43.456726074
 1007.3640000 12.250000954 53.441776276 1.3052155972 1.2861477137 43.506832123
 1007.5164000 12.250000954 49.896144867 1.2567150593 1.1786693335 44.319828033
 1007.6688000 12.250000954 49.410053253 0.9853703976 0.9472828507 45.460681915
 1007.8212000 12.250000954 47.036769867 0.9946074486 1.0027462244 47.173782349
 1007.9736000 12.250000954 41.318012238 1.0098328590 0.9810265303 47.434806824
 1008.1260000 12.250000954 36.542846680 0.9303926826 0.9224359989 48.552005768
 1008.2784000 12.250000954 34.426906586 0.9543773532 0.8816754818 48.319473267
 1008.4308000 12.250000954 33.397533417 0.9246793985 0.8848610520 47.798393250
 1008.5832000 12.250000954 31.224405289 0.8787530661 0.8506788611 43.153530121
 1008.7356000 12.250000954 29.708932877 0.8171522021 0.7745854855 41.939910889
 1008.8880000 12.250000954 30.566745758 0.7779204845 0.7676643729 40.763629913
 1009.0404000 12.250000954 33.311748505 0.7852331996 0.7549506426 38.475502014
 1009.1928000 12.250000954 36.657218933 0.7921379805 0.7818094492 38.079208374
 1009.3452000 12.250000954 36.828781128 0.8038674593 0.7793509364 36.973190308
 1009.4976000 12.250000954 36.743003845 0.8051136732 0.7831696272 36.603485107
 1009.6500000 12.250000954 36.457065582 0.8015706539 0.7810676098 35.537094116
 1009.8024000 12.250000954 34.855812073 0.7970861197 0.7642564774 35.195968628
 1009.9548000 12.250000954 34.941593170 0.8031311035 0.7597148418 34.899963379
 1010.1072000 12.250000954 35.427688599 0.8060829639 0.7839546800 35.148113251
 1010.2596000 12.250000954 36.857379913 0.7690265179 0.7521439195 36.000431061
 1010.4120000 12.250000954 33.797847748 0.7810352445 0.7590613961 36.225650787
 1010.5644000 12.250000954 30.538154602 0.7664885521 0.7557415366 36.922332764
 1010.7168000 12.250000954 30.337997437 0.7704204917 0.7370074391 37.070758820
 1010.8692000 12.250000954 32.082218170 0.7658488154 0.7306450605 36.896430969
 1011.0216000 12.250000954 34.283939362 0.7749221921 0.7469711304 36.857295990
 1011.1740000 12.250000954 33.797843933 0.7719259262 0.7437226176 37.070758820
 1011.3264000 12.250000954 32.368156433 0.7653072476 0.7488242388 37.070758820
 1011.4788000 12.250000954 30.452371597 0.7843048573 0.7430773973 37.070758820
 1011.6312000 12.250000954 30.766904831 0.7731903791 0.7564634681 37.070758820
 1011.7836000 12.250000954 32.482528687 0.7694880962 0.7392002940 37.178947449
 1011.9360000 12.250000954 33.340343475 0.7745457292 0.7384337187 37.070758820
 1012.0884000 12.250000954 32.768466949 0.7704120874 0.7530816793 37.070758820
 1012.2408000 12.250000954 32.854251862 0.7794106007 0.7500488758 37.070758820
 1012.3932000 12.250000954 33.626281738 0.7493543625 0.7375796437 36.929412842
 1012.5456000 12.250000954 33.626281738 0.8006283641 0.7668800354 36.797145844
 1012.6980000 12.250000954 31.996437073 0.7983139753 0.7586957216 36.576000214
 1012.8504000 12.250000954 30.366592407 0.7697295547 0.7486677766 36.527507782
 1013.0028000 12.250000954 29.308620453 0.7820636034 0.7464756966 36.333541870
 1013.1552000 12.250000954 29.422996521 0.7917243838 0.7733153701 36.175071716
 1013.3076000 12.250000954 30.566745758 0.8026826382 0.7869820595 35.860710144
 1013.4600000 12.250000954 32.739875793 0.8241358995 0.7927170396 35.749244690
 1013.6124000 12.250000954 34.055187225 0.8105564117 0.7924330831 35.574275970
 1013.7648000 12.250000954 34.255348206 0.8047204614 0.7889308929 34.998237610
 1013.9172000 12.250000954 35.313316345 0.8211945891 0.7914388776 34.944606781
 1014.0696000 12.250000954 36.857379913 0.8228367567 0.8006697893 34.742050171
 1014.2220000 12.250000954 37.715194702 0.8215967417 0.8129935265 34.475238800
 1014.3744000 12.250000954 36.943164825 0.8236359954 0.8097149730 34.236682892
 1014.5268000 12.250000954 35.885192871 0.8287494779 0.8056569099 33.890163422
 1014.6792000 12.250000954 33.683471680 0.8289743066 0.7961621881 33.866767883
 1014.8316000 12.250000954 30.652528763 0.8218745589 0.8104691505 33.822982788
 1014.9840000 12.250000954 30.738311768 0.8424170613 0.7973040342 33.658794403
 1015.1364000 12.250000954 32.940032959 0.8306578398 0.8063380122 33.561485291
 1015.2888000 12.250000954 36.085350037 0.8491100669 0.8268750906 33.421703339
 1015.4412000 12.250000954 35.227539063 0.8269385099 0.7968353033 33.250965118
 1015.5936000 12.250000954 34.283943176 0.8202279806 0.8171206117 33.156066895
 1015.7460000 12.250000954 31.424560547 0.8572822809 0.8278826475 33.073799133
 1015.8984000 12.250000954 30.195030212 0.8523706794 0.8262048960 33.073799133
 1016.0508000 12.250000954 29.508781433 0.8508985639 0.8143987060 33.049922943
 1016.2032000 12.250000954 32.253787994 0.8259556890 0.8100055456 33.017307281
 1016.3556000 12.250000954 33.483318329 0.8281707168 0.8144989014 33.008724213
 1016.5080000 12.250000954 33.969409943 0.8483530283 0.8026731610 33.049922943
 1016.6604000 12.250000954 32.654094696 0.8104861975 0.7965965271 33.049922943
 1016.8128000 12.250000954 33.311752319 0.8089790344 0.7768570185 33.372184753
 1016.9652000 12.250000954 33.597690582 0.8187272549 0.7981036305 33.453361511
 1017.1176000 12.250000954 34.827224731 0.8183324933 0.7809509635 33.766208649
 1017.2700000 12.250000954 36.542854309 0.7920903563 0.7651953101 33.865917206
 1017.4224000 12.250000954 38.544414520 0.7951942086 0.7813355327 34.247894287
 1017.5748000 12.250000954 37.314884186 0.8225867152 0.7985948920 34.290523529
 1017.7272000 12.250000954 35.713626862 0.8455475569 0.8121322393 34.311843872
 1017.8796000 12.250000954 36.571441650 0.8386320472 0.8053430915 34.505516052
 1018.0320000 12.250000954 42.004261017 0.8846935630 0.8600465655 34.542835236
 1018.1844000 12.250000954 44.377544403 0.9031172395 0.8858816624 35.086166382
 1018.3368000 12.250000954 44.291767120 0.9664443731 0.9414554834 36.131927490
 1018.4892000 12.250000954 41.804107666 0.8789039254 0.8644022346 36.333541870
 1018.6416000 12.250000954 41.518165588 0.8739932775 0.8509218693 37.171733856
 1018.7940000 12.250000954 43.777076721 0.8670040369 0.8471075296 37.709686279
 1018.9464000 12.250000954 46.064582825 0.8787900209 0.8726734519 37.918205261
 1019.0988000 12.250000954 46.178958893 0.9314572811 0.8917973042 38.993137360
 1019.2512000 12.250000954 42.776298523 0.8853614330 0.8741288185 40.080154419
 1019.4036000 12.250000954 39.630981445 0.8463187814 0.8241460323 40.340705872
 1019.5560000 12.250000954 35.713626862 0.8471953273 0.8186868429 40.078330994
 1019.7084000 12.250000954 33.683471680 0.7809582949 0.7732436061 39.262729645
 1019.8608000 12.250000954 32.368156433 0.7819042206 0.7463001609 38.452545166
 1020.0132000 12.250000954 33.111598969 0.7676848173 0.7394872308 36.906185150
 1020.1656000 12.250000954 35.027381897 0.7886054516 0.7407616377 36.397373199
 1020.3180000 12.250000954 36.542850494 0.7696094513 0.7387305498 35.861186981
 1020.4704000 12.250000954 38.658794403 0.7769588828 0.7456508875 35.395015717
 1020.6228000 12.250000954 39.430824280 0.7765539885 0.7601979375 34.079978943
 1020.7752000 12.250000954 39.602390289 0.7749740481 0.7409723401 33.615428925
 1020.9276000 12.250000954 38.944732666 0.7703406215 0.7560101151 33.052089691
 1021.0800000 12.250000954 37.515045166 0.7761377096 0.7516092658 32.938541412
 1021.2324000 12.250000954 35.828010559 0.7697159052 0.7350251675 32.851833344
 1021.3848000 12.250000954 35.141757965 0.7791249752 0.7500910163 32.853969574
 1021.5372000 12.250000954 34.941600800 0.7790688276 0.7590468526 32.852897644
 1021.6896000 12.250000954 35.313320160 0.7844166160 0.7472860813 32.895851135
 1021.8420000 12.250000954 35.141757965 0.7734144926 0.7665101290 33.052082062
 1021.9944000 12.250000954 34.770038605 0.7991087437 0.7649272084 33.162387848
 1022.1468000 12.250000954 34.283943176 0.7579898238 0.7517029047 33.205860138
 1022.2992000 12.250000954 33.311756134 0.7846379280 0.7683639526 33.052082062
 1022.4516000 12.250000954 32.539722443 0.7980163693 0.7719911337 32.940952301
 1022.6040000 12.250000954 31.967849731 0.7963326573 0.7746519446 32.895851135
 1022.7564000 12.250000954 34.083789825 0.8165392876 0.7734301686 33.220832825
 1022.9088000 12.250000954 35.999572754 0.8227788806 0.8019782305 33.140125275
 1023.0612000 12.250000954 36.571449280 0.7949557900 0.7573993206 33.049922943
 1023.2136000 12.250000954 35.227542877 0.7393114567 0.7145863175 33.049922943
 1023.3660000 12.250000954 33.225975037 0.7202640772 0.6795639396 25.015726089
 1023.5184000 12.250000954 34.083789825 0.8010068536 0.7736285925 21.347291946
 1023.6708000 12.250000954 34.541290283 0.8216332793 0.8037562966 21.347291946
 1023.8232000 12.250000954 35.970977783 0.8464234471 0.7983396649 26.453527451
 1023.9756000 12.250000954 38.086917877 0.8146939278 0.7935003638 34.715518951
 1024.1280000 12.250000954 40.117080688 0.8103519678 0.7834651470 32.715469360
 1024.2804000 12.250000954 40.002700806 0.8076201677 0.7823047638 31.745042801
 1024.4328000 12.250000954 37.886764526 0.8104696870 0.7890086770 31.172555923
 1024.5852000 12.250000954 36.828788757 0.8168585896 0.7857279181 30.508075714
 1024.7376000 12.250000954 38.372859955 0.7978967428 0.7785653472 30.310564041
 1024.8900000 12.250000954 39.144889832 0.7998981476 0.7645761967 29.072780609
 1025.0424000 12.250000954 37.915359497 0.8180260062 0.7887189984 27.935953140
 1025.1948000 12.250000954 33.912231445 0.8172450066 0.7788288593 27.267295837
 1025.3472000 12.250000954 30.195035934 0.8038963675 0.7828604579 26.960235596
 1025.4996000 12.250000954 30.195035934 0.8186311126 0.7825062275 26.893602371
 1025.6520000 12.250000954 32.196605682 0.8163885474 0.7785846591 26.802799225
 1025.8044000 12.250000954 34.855827332 0.7962095737 0.7855049372 26.762887955
 1025.9568000 12.250000954 33.797855377 0.8094809055 0.7879753709 25.983922958
 1026.1092000 12.250000954 32.453945160 0.8143201470 0.7864207029 23.589727402
 1026.2616000 12.250000954 31.510351181 0.8093751669 0.7757024765 23.415679932
 1026.4140000 12.250000954 31.596132278 0.8126513362 0.7705536485 23.858455658
 1026.5664000 12.250000954 31.510349274 0.7877763510 0.7818964720 24.962760925
 1026.7188000 12.250000954 29.966281891 0.7988659739 0.7610231042 24.602907181
 1026.8712000 12.250000954 30.652530670 0.7839806676 0.7586868405 24.602907181
 1027.0236000 12.250000954 31.996438980 0.7768217921 0.7485479116 24.704332352
 1027.1760000 12.250000954 35.456287384 0.7907010317 0.7499908805 24.952005386
 1027.3284000 12.250000954 37.429264069 0.7949422002 0.7693910003 25.205408096
 1027.4808000 12.250000954 38.172698975 0.8033338189 0.7923687696 28.414979935
 1027.6332000 12.250000954 36.256916046 0.7731357813 0.7480113506 29.931484222
 1027.7856000 12.250000954 35.513477325 0.7792550921 0.7460930347 30.507450104
 1027.9380000 12.250000954 35.999568939 0.8013417125 0.7691329718 31.294795990
 1028.0904000 12.250000954 37.028942108 0.7847986817 0.7706729770 31.669645309
 1028.2428000 12.250000954 37.886760712 0.7886138558 0.7799987793 32.084945679
 1028.3952000 12.250000954 36.828788757 0.7935163379 0.7526419759 33.023345947
 1028.5476000 12.250000954 36.743007660 0.7694042325 0.7547969818 33.343082428
 1028.7000000 12.250000954 35.885192871 0.8140321970 0.7929847240 33.658794403
 1028.8524000 12.250000954 36.943168640 0.7998728156 0.7695685625 33.658794403
 1029.0048000 12.250000954 37.800979614 0.8103805780 0.7834118605 33.640117645
 1029.1572000 12.250000954 37.114730835 0.8100364804 0.7719374895 33.284240723
 1029.3096000 12.250000954 36.256916046 0.8152682781 0.7713183761 33.346549988
 1029.4620000 12.250000954 34.941600800 0.7905169129 0.7873984575 33.453361511
 1029.6144000 12.250000954 33.426132202 0.7936624289 0.7654010653 33.352512360
 1029.7668000 12.250000954 31.624721527 0.7891452909 0.7909008265 33.331592560
 1029.9192000 12.250000954 34.369724274 0.7996675372 0.7665629983 33.435966492
 1030.0716000 12.250000954 38.372856140 0.7780481577 0.7390481830 33.250415802
 1030.2240000 12.250000954 39.802547455 0.7907563448 0.7653778791 33.170219421
 1030.3764000 12.250000954 37.229103088 0.7952283621 0.7644775510 33.049922943
 1030.5288000 12.250000954 33.712070465 0.7777532935 0.7569875121 33.164768219
 1030.6812000 12.250000954 34.369724274 0.7754678726 0.7547846437 33.282463074
 1030.8336000 12.250000954 35.513477325 0.7920491099 0.7525975108 33.742744446
 1030.9860000 12.250000954 39.030509949 0.7671564817 0.7446372509 33.804374695
 1031.1384000 12.250000954 39.116294861 0.7700165510 0.7448116541 34.030826569
 1031.2908000 12.250000954 38.744571686 0.7627229095 0.7483061552 34.169521332
 1031.4432000 12.250000954 36.085350037 0.7817405462 0.7543094754 34.290523529
 1031.5956000 12.250000954 33.140190125 0.7727273703 0.7580155134 34.505252838
 1031.7480000 12.250000954 31.138626099 0.7822953463 0.7384697199 34.555290222
 1031.9004000 12.250000954 32.368156433 0.7871340513 0.7641806006 34.944515228
 1032.0528000 12.250000954 35.799411774 0.7893642783 0.7701622844 34.943702698
 1032.2052000 12.250000954 40.260044098 0.8014304042 0.7764757872 34.946117401
 1032.3576000 12.250000954 47.236930847 0.8821071386 0.8744366765 34.946418762
 1032.5100000 12.250000954 54.957252502 1.0428489447 1.0063313246 35.456573486
 1032.6624000 12.250000954 62.220077515 1.3941890001 1.3068406582 36.777008057
 1032.8148000 12.250000954 64.193046570 1.5111615658 1.4077914953 38.200229645
 1032.9672000 12.250000954 61.219291687 1.2341852188 1.2300304174 39.733943939
 1033.1196000 12.250000954 51.497406006 1.0406743288 1.0300946236 40.112358093
 1033.2720000 12.250000954 41.117862701 0.7700232863 0.7744206786 39.806545258
 1033.4244000 12.250000954 35.799419403 0.7781597972 0.7646210194 39.584606171
 1033.5768000 12.250000954 34.855823517 0.7842368484 0.7570080757 39.470783234
 1033.7292000 12.250000954 34.970195770 0.7957848310 0.7665876746 39.687587738
 1033.8816000 12.250000954 33.054412842 0.7780879736 0.7147127986 39.668289185
 1034.0340000 12.250000954 32.282379150 0.7623860240 0.7317379713 38.246620178
 1034.1864000 12.250000954 31.110036850 0.7505642176 0.7134237885 37.530941010
 1034.3388000 12.250000954 32.825664520 0.7414333820 0.7227702737 36.821716309
 1034.4912000 12.250000954 33.969413757 0.7453314066 0.7115196586 34.953868866
 1034.6436000 12.250000954 33.969413757 0.7486973405 0.7206194997 34.462699890
 1034.7960000 12.250000954 31.110036850 0.7555637360 0.7288212776 34.457843781
 1034.9484000 12.250000954 29.194252014 0.7447901964 0.7290053964 34.653072357
 1035.1008000 12.250000954 29.194252014 0.7507771254 0.7406739593 34.943973541
 1035.2532000 12.250000954 30.623941422 0.7852976322 0.7466299534 34.838844299
 1035.4056000 12.250000954 30.338003159 0.7822245955 0.7532289624 34.722621918
 1035.5580000 12.250000954 31.110036850 0.8070085049 0.7708536983 34.725017548
 1035.7104000 12.250000954 32.168006897 0.7793069482 0.7640774846 34.651260376
 1035.8628000 12.250000954 33.397541046 0.7682940364 0.7305371165 34.506134033
 1036.0152000 12.250000954 34.255352020 0.7590593100 0.7270708680 34.506401062
 1036.1676000 12.250000954 35.113162994 0.7884290218 0.7480490804 34.472312927
 1036.3200000 12.250000954 37.400669098 0.7865229845 0.7594151497 34.451885223
 1036.4724000 12.250000954 38.172702789 0.7749804258 0.7600315213 34.220649719
 1036.6248000 12.250000954 37.028949738 0.8055724502 0.7558846474 33.833930969
 1036.7772000 12.250000954 35.227542877 0.7848364711 0.7691317201 33.658794403
 1036.9296000 12.250000954 33.797855377 0.7817096710 0.7476549745 33.567489624
 1037.0820000 12.250000954 33.225978851 0.7670071721 0.7469849586 33.453361511
 1037.2344000 12.250000954 33.054416656 0.7612341642 0.7297734022 33.783576965
 1037.3868000 12.250000954 32.568321228 0.7604364753 0.7476052642 33.825172424
 1037.5392000 12.250000954 31.710508347 0.7610316873 0.7455947995 33.658794403
 1037.6916000 12.250000954 30.652538300 0.7780637741 0.7327505946 33.658794403
 1037.8440000 12.250000954 30.852695465 0.7684956193 0.7506999373 33.507183075
 1037.9964000 12.250000954 31.510353088 0.7731763124 0.7339364886 33.052352905
 1038.1488000 12.250000954 33.797855377 0.7765785456 0.7494873405 33.250415802
 1038.3012000 12.250000954 32.739883423 0.7705309391 0.7545187473 33.080623627
 1038.4536000 12.250000954 32.539726257 0.7888693810 0.7478190064 32.804698944
 1038.6060000 12.250000954 32.139415741 0.7860280871 0.7620688081 32.656097412
 1038.7584000 12.250000954 33.683479309 0.7884122133 0.7558745146 32.273868561
 1038.9108000 12.250000954 34.941604614 0.7804994583 0.7525184155 32.210128784
 1039.0632000 12.250000954 33.998008728 0.8137697577 0.7767158151 32.082653046
 1039.2156000 12.250000954 34.541290283 0.7996803522 0.7737584710 31.898216248
 1039.3680000 12.250000954 34.712852478 0.8079693913 0.7681267262 32.023654938
 1039.5204000 12.250000954 35.370513916 0.8035441637 0.7846207619 32.462684631
 1039.6728000 12.250000954 34.226760864 0.8043103218 0.7744256854 32.132175446
 1039.8252000 12.250000954 32.425350189 0.8051878214 0.7660279870 32.178249359
 1039.9776000 12.250000954 31.110036850 0.8053435683 0.7880653143 32.272182465
 1040.1300000 12.250000954 30.738319397 0.8017807603 0.7677270174 32.273868561
 1040.2824000 12.250000954 31.024255753 0.7452000380 0.7253214717 32.147148132
 1040.4348000 12.250000954 30.366596222 0.7516582012 0.7336670160 32.084945679
 1040.5872000 12.250000954 30.080659866 0.7571728826 0.7289597988 32.084945679
 1040.7396000 12.250000954 31.138629913 0.7813558578 0.7564035654 32.400535583
 1040.8920000 12.250000954 33.111602783 0.7934231758 0.7692832351 32.338336945
 1041.0444000 12.250000954 34.369731903 0.7663560510 0.7399124503 32.084945679
 1041.1968000 12.250000954 33.797855377 0.7738381028 0.7357424498 32.588069916
 1041.3492000 12.250000954 34.083789825 0.8260617852 0.8094908595 32.874111176
 1041.5016000 12.250000954 34.341136932 0.8163332939 0.7952554226 33.206401825
 1041.6540000 12.250000954 34.998794556 0.8035462499 0.7606366873 33.250415802
 1041.8064000 12.250000954 35.885204315 0.7777419090 0.7636222839 33.250415802
 1041.9588000 12.250000954 36.571449280 0.7922335267 0.7568176389 33.250415802
 1042.1112000 12.250000954 36.857387543 0.7804484963 0.7449198961 33.051467896
 1042.2636000 12.250000954 34.741447449 0.7484629154 0.7345744371 32.985511780
 1042.4160000 12.250000954 33.025821686 0.7562751174 0.7361595035 32.851833344
 1042.5684000 12.250000954 33.998012543 0.7993122339 0.7706288099 32.702667236
 1042.7208000 12.250000954 36.657238007 0.7824456692 0.7620692253 32.572498322
 1042.8732000 12.250000954 38.172706604 0.7507751584 0.7267214060 32.443531036
 1043.0256000 12.250000954 37.114738464 0.7654462457 0.7438332438 32.417968750
 1043.1780000 12.250000954 33.883636475 0.7582297325 0.7400193214 32.465030670
 1043.3304000 12.250000954 33.397544861 0.7734237313 0.7371222973 32.465030670
 1043.4828000 12.250000954 34.627075195 0.7620923519 0.7330197096 32.788185120
 1043.6352000 12.250000954 36.542858124 0.7421649694 0.7315756679 32.788185120
 1043.7876000 12.250000954 35.513484955 0.7413457632 0.7232721448 32.656097412
 1043.9400000 12.250000954 34.283950806 0.7378109097 0.7175623178 32.853431702
 1044.0924000 12.250000954 35.055984497 0.7388522029 0.7145599723 32.986293793
 1044.2448000 12.250000954 35.227550507 0.7499612570 0.7116051316 33.250415802
 1044.3972000 12.250000954 34.541297913 0.7509484291 0.7046039701 33.118373871
 1044.5496000 12.250000954 32.139415741 0.7309299111 0.7190325260 33.051544189
 1044.7020000 12.250000954 30.709728241 0.7485494614 0.7135877013 33.033412933
 1044.8544000 12.250000954 27.764570236 0.7598779798 0.7229302526 32.853630066
 1045.0068000 12.250000954 25.763002396 0.7227694988 0.7155190110 32.853431702
 1045.1592000 12.250000954 27.021127701 0.7482681274 0.7180548906 32.851833344
 1045.3116000 12.250000954 30.738321304 0.7296258211 0.7135969400 32.853431702
 1045.4640000 12.250000954 33.225978851 0.7424905896 0.7131597400 32.853431702
 1045.6164000 12.250000954 33.311759949 0.7553667426 0.7143788338 33.030113220
 1045.7688000 12.250000954 33.597698212 0.7537731528 0.7363790870 33.122829437
 1045.9212000 12.250000954 38.086925507 0.7747723460 0.7332386971 33.942077637
 1046.0736000 12.250000954 46.178966522 0.8061005473 0.7818481922 34.288856506
 1046.2260000 12.250000954 56.958820343 1.0956748724 1.0478600264 34.252899170
 1046.3784000 12.250000954 66.566337585 1.4170016050 1.3361443281 34.075260162
 1046.5308000 12.250000954 70.769622803 1.2804123163 1.2520548105 34.204238892
 1046.6832000 12.250000954 69.339935303 1.0926549435 1.0765533447 34.876941681
 1046.8356000 12.250000954 65.622741699 0.9091742635 0.8979818821 34.945331573
 1046.9880000 12.250000954 60.676013947 0.8616454601 0.8686482310 34.943702698
 1047.1404000 12.250000954 54.385379791 0.8654208183 0.8520540595 35.035015106
 1047.2928000 12.250000954 49.038341522 0.8618813753 0.8430567384 34.946418762
 1047.4452000 12.250000954 46.665054321 0.8531772494 0.8063750863 34.270458221
 1047.5976000 12.250000954 47.036777496 0.8214769959 0.8051816225 34.077327728
 1047.7500000 12.250000954 48.866779327 0.8121932149 0.7865257263 34.077327728
 1047.9024000 12.250000954 46.750835419 0.7965877652 0.7925436497 34.725017548
 1048.0548000 12.250000954 44.177398682 0.8150657415 0.7873433828 34.680763245
 1048.2072000 12.250000954 40.831924438 0.7939441800 0.7782412171 34.337905884
 1048.3596000 12.250000954 42.175830841 0.7983583212 0.7917728424 34.290523529
 1048.5120000 12.250000954 42.947868347 0.8017421365 0.7858313322 34.290523529
 1048.6644000 12.250000954 42.090053558 0.8137022257 0.7831707001 34.290523529
 1048.8168000 12.250000954 41.975677490 0.8197069764 0.7886607051 34.247882843
 1048.9692000 12.250000954 43.205207825 0.7946579456 0.7849700451 34.243148804
 1049.1216000 12.250000954 43.777084351 0.7787249088 0.7568837404 34.289478302
 1049.2740000 12.250000954 43.891464233 0.7930151820 0.7814185023 34.484550476
 1049.4264000 12.250000954 46.750835419 0.8799108267 0.8485773802 34.626403809
 1049.5788000 12.250000954 50.096313477 0.8926426172 0.8821210861 35.233661652
 1049.7312000 12.250000954 53.727725983 0.9035751224 0.8701827526 36.323528290
 1049.8836000 12.250000954 53.356002808 0.9603738785 0.9379510880 37.698234558
 1050.0360000 12.250000954 50.782566071 0.9683387280 0.9170726538 39.306930542
 1050.1884000 12.250000954 44.577713013 0.8639117479 0.8596684933 39.643669128
 1050.3408000 12.250000954 37.429267883 0.8060190678 0.7888736129 40.549915314
 1050.4932000 12.250000954 32.739883423 0.7962235212 0.7793158889 40.640739441
 1050.6456000 12.250000954 32.825664520 0.8020069599 0.7783930302 40.640739441
 1050.7980000 12.250000954 34.712856293 0.8142280579 0.7883449793 40.310806274
 1050.9504000 12.250000954 34.455513000 0.8166958690 0.7920328975 39.918689728
 1051.1028000 12.250000954 34.941608429 0.8141595721 0.7987245917 39.021778107
 1051.2552000 12.250000954 37.429267883 0.8098312020 0.7979128361 38.376197815
 1051.4076000 12.250000954 41.432399750 0.8051986098 0.7959805131 36.675994873
 1051.5600000 12.250000954 45.235370636 0.9247022271 0.9062404037 36.432998657
 1051.7124000 12.250000954 47.637252808 1.0183647871 0.9704722762 36.039749146
 1051.8648000 12.250000954 45.721466064 0.9381409883 0.9163635373 36.576000214
 1052.0172000 12.250000954 39.802551270 0.8522112370 0.8254920244 36.471153259
 1052.1696000 12.250000954 34.913013458 0.7823640704 0.7636156082 36.333541870
 1052.3220000 12.250000954 34.998794556 0.7686691880 0.7598481178 36.333541870
 1052.4744000 12.250000954 34.998794556 0.7850017548 0.7593788505 36.246532440
 1052.6268000 12.250000954 33.597698212 0.7739263773 0.7627457976 36.074592590
 1052.7792000 12.250000954 31.681915283 0.7824403048 0.7548944354 35.680522919
 1052.9316000 12.250000954 32.368164063 0.7933367491 0.7691999674 35.384372711
 1053.0840000 12.250000954 33.969417572 0.7931143045 0.7772930264 34.869773865
 1053.2364000 12.250000954 34.741451263 0.8020180464 0.7779640555 34.074745178
 1053.3888000 12.250000954 33.969417572 0.7889860272 0.7721723318 32.377075195
 1053.5412000 12.250000954 33.025825500 0.8081676364 0.7732888460 32.272583008
 1053.6936000 12.250000954 34.083797455 0.7927336097 0.7774778008 32.251640320
 1053.8460000 12.250000954 35.141765594 0.7892044783 0.7785243392 31.918186188
 1053.9984000 12.250000954 36.085361481 0.8024656177 0.7661952972 31.897211075
 1054.1508000 12.250000954 34.827232361 0.7879489660 0.7715144157 31.898216248
 1054.3032000 12.250000954 32.425354004 0.8030444980 0.7653065920 31.881437302
 1054.4556000 12.250000954 30.137853622 0.8094935417 0.7775989771 31.552677155
 1054.6080000 12.250000954 29.108478546 0.7929888964 0.7815242410 31.531211853
 1054.7604000 12.250000954 30.080665588 0.8071308136 0.7646628022 31.446338654
 1054.9128000 12.250000954 29.909101486 0.8033584952 0.7872985601 31.302228928
 1055.0652000 12.250000954 29.623165131 0.8186363578 0.7832649946 31.156528473
 1055.2176000 12.250000954 29.337226868 0.8023141623 0.7829094529 30.837808609
 1055.3700000 12.250000954 29.708944321 0.8100817204 0.7705197334 30.823501587
 1055.5224000 12.250000954 30.852695465 0.7935733199 0.7754312754 30.731712341
 1055.6748000 12.250000954 31.024257660 0.8083431721 0.7714477777 30.603126526
 1055.8272000 12.250000954 30.824102402 0.8015146852 0.7866866589 30.479173660
 1055.9796000 12.250000954 29.565971375 0.8225525022 0.7878155708 30.479173660
 1056.1320000 12.250000954 29.565971375 0.8254190087 0.7968280911 30.480550766
 1056.2844000 12.250000954 29.565971375 0.8276159763 0.8109801412 30.480266571
 1056.4368000 12.250000954 30.538162231 0.8386544585 0.8069297075 30.479736328
 1056.5892000 12.250000954 32.168010712 0.8310479522 0.8005806804 30.481050491
 1056.7416000 12.250000954 33.111602783 0.8319386244 0.7945532203 30.480997086
 1056.8940000 12.250000954 33.111602783 0.8018742204 0.7878577709 30.660568237
 1057.0464000 12.250000954 31.110038757 0.7998878360 0.7705843449 30.857021332
 1057.1988000 12.250000954 31.424570084 0.7985490561 0.7799587846 31.411659241
 1057.3512000 12.250000954 30.280818939 0.8152421117 0.7783717513 31.657779694
 1057.5036000 12.250000954 30.967069626 0.8140481114 0.7825109959 32.253444672
 1057.6560000 12.250000954 29.222848892 0.8161026835 0.7946336865 32.464984894
 1057.8084000 12.250000954 28.936912537 0.8142435551 0.7811245322 32.656097412
 1057.9608000 12.250000954 28.622381210 0.8147105575 0.7952142358 33.495445251
 1058.1132000 12.250000954 30.052066803 0.8193242550 0.7883579135 33.742500305
 1058.2656000 12.250000954 31.767698288 0.8240024447 0.7944598198 34.528831482
 1058.4180000 12.250000954 30.909885406 0.8426222205 0.8292380571 34.722332001
 1058.5704000 12.250000954 29.480195999 0.8251956701 0.8066050410 34.724720001
 1058.7228000 12.250000954 29.079881668 0.8279927969 0.8119859099 34.725017548
 1058.8752000 12.250000954 31.110038757 0.8400117159 0.7974427342 34.637596130
 1059.0276000 12.250000954 31.882070541 0.8227453232 0.8158451319 34.593883514
 1059.1800000 12.250000954 32.082229614 0.8300188780 0.7904177904 34.725017548
 1059.3324000 12.250000954 32.082229614 0.8063488603 0.8090423346 34.523220062
 1059.4848000 12.250000954 32.282386780 0.8234894872 0.8023304343 34.383876801
 1059.6372000 12.250000954 32.396759033 0.8126599789 0.7968634963 34.290523529
 1059.7896000 12.250000954 31.996446609 0.8316150904 0.8075535297 34.290523529
 1059.9420000 12.250000954 31.710508347 0.8237959743 0.7880508304 34.219459534
 1060.0944000 12.250000954 30.452379227 0.8090311885 0.7772784233 34.269203186
 1060.2468000 12.250000954 28.822534561 0.8114192486 0.8035048842 34.290523529
 1060.3992000 12.250000954 29.308629990 0.8104988933 0.7808490396 34.312110901
 1060.5516000 12.250000954 30.166442871 0.7854532003 0.7823653817 34.360736847
 1060.7040000 12.250000954 30.852691650 0.8046252728 0.8002554178 34.288856506
 1060.8564000 12.250000954 30.538160324 0.8457235098 0.8164456487 34.179042816
 1061.0088000 12.250000954 31.110036850 0.8516035080 0.8116157651 33.658794403
 1061.1612000 12.250000954 33.197383881 0.8311940432 0.8203191161 33.150779724
 1061.3136000 12.250000954 36.256916046 0.8374044895 0.8197661638 32.715698242
 1061.4660000 12.250000954 39.974105835 0.8620881438 0.8502844572 32.395515442
 1061.6184000 12.250000954 40.746143341 0.9103041887 0.8710775971 32.174610138
 1061.7708000 12.250000954 39.888328552 0.8005499244 0.7893713117 31.546657562
 1061.9232000 12.250000954 36.085353851 0.7715374827 0.7365847230 31.531211853
 1062.0756000 12.250000954 33.025817871 0.7802823782 0.7423363328 31.531211853
 1062.2280000 12.250000954 29.137063980 0.7573827505 0.7473288774 31.380914688
 1062.3804000 12.250000954 27.507219315 0.7903083563 0.7544375658 31.453916550
 1062.5328000 12.250000954 28.450809479 0.7743052840 0.7608112693 31.531211853
 1062.6852000 12.250000954 29.680345535 0.7877798676 0.7495009303 31.551483154
 1062.8376000 12.250000954 29.480186462 0.7751467228 0.7449764609 31.630407333
 1062.9900000 12.250000954 28.164873123 0.7879771590 0.7494120598 30.803153992
 1063.1424000 12.250000954 30.166437149 0.7924570441 0.7667436600 30.133157730
 1063.2948000 12.250000954 33.998004913 0.7875621915 0.7495083809 29.422346115
 1063.4472000 12.250000954 36.457073212 0.8113965392 0.7639024854 29.182903290
 1063.5996000 12.250000954 36.171134949 0.8127231598 0.7741115689 27.748157501
 1063.7520000 12.250000954 34.255348206 0.7196900249 0.6827759743 27.332609177
 1063.9044000 12.250000954 31.681907654 0.6558455825 0.6265084147 25.637207031
 1064.0568000 12.250000954 28.908309937 0.7273315787 0.6776234508 17.417007446
 1064.2092000 12.250000954 26.735181808 0.8195217848 0.7866199017 17.417007446
 1064.3616000 12.250000954 25.905961990 0.8423728347 0.7905032635 18.899715424
 1064.5140000 12.250000954 28.479402542 0.8256465197 0.7729309201 23.436220169
 1064.6664000 12.250000954 33.426128387 0.8268651962 0.7789021134 23.905683517
 1064.8188000 12.250000954 41.232231140 0.8350438476 0.8001466990 25.286455154
 1064.9712000 12.250000954 52.212245941 0.9505435824 0.8894012570 25.905265808
 1065.1236000 12.250000954 59.932567596 1.3928438425 1.3146324158 26.612106323
 1065.2760000 12.250000954 62.391639709 1.4353598356 1.3358181715 19.636518478
 1065.4284000 12.250000954 58.388504028 1.2309808731 1.1632781029 19.234193802
 1065.5808000 12.250000954 53.899280548 0.9532566071 0.9210948348 19.830438614
 1065.7332000 12.250000954 50.954116821 0.8583012223 0.8517995477 21.052356720
 1065.8856000 12.250000954 47.894584656 0.8331037760 0.8366388679 21.470052719
 1066.0380000 12.250000954 45.607078552 0.8098076582 0.7865618467 21.786514282
 1066.1904000 12.250000954 44.005828857 0.8050373197 0.7895095944 21.858081818
 1066.3428000 12.250000954 41.889884949 0.8037633896 0.7581641674 19.556188583
 1066.4952000 12.250000954 40.545982361 0.7759573460 0.7498235703 19.345376968
 1066.6476000 12.250000954 39.659572601 0.7758302093 0.7699303031 19.332071304
 1066.8000000 12.250000954 39.859729767 0.7740024328 0.7608446479 21.600360870
 1066.9524000 12.250000954 39.602386475 0.7839661837 0.7617704868 25.367895126
 1067.1048000 12.250000954 38.944728851 0.7854790688 0.7712834477 24.827981949
 1067.2572000 12.250000954 39.916919708 0.7804279327 0.7575584054 24.277906418
 1067.4096000 12.250000954 42.947856903 0.7679777145 0.7571037412 23.954517365
 1067.5620000 12.250000954 42.661922455 0.7767691016 0.7601692080 23.907335281
 1067.7144000 12.250000954 42.661922455 0.7718867660 0.7683770657 25.516677856
 1067.8668000 12.250000954 39.716762543 0.7762156129 0.7668052912 27.075456619
 1068.0192000 12.250000954 39.545200348 0.7782511115 0.7670526505 27.214237213
 1068.1716000 12.250000954 39.144889832 0.7783661485 0.7629320621 27.227762222
 1068.3240000 12.250000954 38.287075043 0.7786437869 0.7594453692 27.214237213
 1068.4764000 12.250000954 37.143321991 0.7836107016 0.7698161006 27.080753326
 1068.6288000 12.250000954 35.999572754 0.7805197835 0.7647671700 27.026733398
 1068.7812000 12.250000954 35.341915131 0.8040446639 0.7689476013 27.119956970
 1068.9336000 12.250000954 36.371288300 0.7869022489 0.7746441960 27.161281586
 1069.0860000 12.250000954 37.028949738 0.7968532443 0.7586225271 27.160625458
 1069.2384000 12.250000954 39.602390289 0.7832878232 0.7813636065 27.160133362
 1069.3908000 12.250000954 41.603954315 0.8123207092 0.7883473635 27.160133362
 1069.5432000 12.250000954 42.090045929 0.8248994350 0.7963539958 27.258501053
 1069.6956000 12.250000954 41.975669861 0.8298314214 0.8169196844 27.201858521
 1069.8480000 12.250000954 39.488010406 0.8158237934 0.8063908219 27.255306244
 1070.0004000 12.250000954 38.544414520 0.7802191973 0.7585043311 27.380769730
 1070.1528000 12.250000954 35.313320160 0.7614585161 0.7622937560 27.507265091
 1070.3052000 12.250000954 36.485668182 0.7712152004 0.7573028803 27.639675140
 1070.4576000 12.250000954 35.227539063 0.7875201106 0.7634910345 27.778900146
 1070.6100000 12.250000954 38.458633423 0.7907326221 0.7587456107 27.778900146
 1070.7624000 12.250000954 41.575355530 0.7823365927 0.7722097039 27.709363937
 1070.9148000 12.250000954 51.211463928 0.9132315516 0.8666697741 27.773363113
 1071.0672000 12.250000954 59.217723846 1.3047510386 1.2282525301 27.890796661
 1071.2196000 12.250000954 68.196166992 1.6182115078 1.5176570415 28.568279266
 1071.3720000 12.250000954 69.911796570 1.7330788374 1.6452715397 28.875419617
 1071.5244000 12.250000954 70.769607544 1.7096612453 1.6641964912 30.341438293
 1071.6768000 12.250000954 70.569450378 1.6869276762 1.6396336555 31.702531815
 1071.8292000 12.250000954 69.053985596 1.6998841763 1.7278821468 32.071601868
 1071.9816000 12.250000954 67.338356018 1.6241948605 1.6071860790 33.520282745
 1072.1340000 12.250000954 63.735538483 1.6669319868 1.5727924109 35.484367371
 1072.2864000 12.250000954 65.251007080 1.6174280643 1.5623837709 36.018516541
 1072.4388000 12.250000954 69.168350220 1.6325377226 1.5616468191 38.067459106
 1072.5912000 12.250000954 77.546333313 1.7295850515 1.6818070412 38.638744354
 1072.7436000 12.250000954 85.638374329 1.8441891670 1.6600936651 40.046859741
 1072.8960000 12.250000954 92.014793396 1.7815287113 1.7523323298 39.514453888
 1073.0484000 12.250000954 99.449180603 1.7430486679 1.6709551811 37.951038361
 1073.2008000 12.250000954 102.05122375 1.7028950453 1.6207607985 37.206104279
 1073.3532000 12.250000954 107.11231995 1.7919356823 1.6863830090 35.625072479
 1073.5056000 12.250000954 104.73903656 1.7823916674 1.6777657270 28.747509003
 1073.6580000 12.250000954 103.96699524 1.7867447138 1.7604017258 26.130832672
 1073.8104000 12.250000954 103.68106842 1.8282924891 1.7680507898 24.117971420
 1073.9628000 12.250000954 103.76685333 1.8192402124 1.7260999680 21.492843628
 1074.1152000 12.250000954 102.53731537 1.7391209602 1.6933791637 19.349569321
 1074.2676000 12.250000954 102.90902710 1.6724760532 1.6375596523 18.458570480
 1074.4200000 12.250000954 99.277618408 1.6225130558 1.6074991226 17.698204041
 1074.5724000 12.250000954 101.16481018 1.6569148302 1.5927981138 16.574934006
 1074.7248000 12.250000954 100.50714874 1.6885318756 1.6387022734 14.449725151
 1074.8772000 12.250000954 102.13699341 1.6369640827 1.5083736181 14.241314888
 1075.0296000 12.250000954 98.334030151 1.6065775156 1.5312452316 14.274550438
 1075.1820000 12.250000954 90.327758789 1.5162373781 1.4233014584 14.298396111
 1075.3344000 12.250000954 90.527923584 1.3282043934 1.2470077276 14.766910553
 1075.4868000 12.250000954 98.048088074 1.3012595177 1.2070161104 15.380752563
 1075.6392000 12.250000954 111.68731689 1.6472260952 1.5704727173 15.586277962
 1075.7916000 12.250000954 117.09154510 1.7577788830 1.6618428230 14.927901268
 1075.9440000 12.250000954 117.86357117 1.8354946375 1.7263517380 14.663349152
 1076.0964000 12.250000954 112.43074799 1.8023585081 1.7283227444 14.032029152
 1076.2488000 12.250000954 107.02651978 1.8011698723 1.7383145094 14.535031319
 1076.4012000 12.250000954 106.16871643 1.7881186008 1.7352055311 15.046652794
 1076.5536000 12.250000954 107.85575104 1.6946661472 1.6241389513 15.072466850
 1076.7060000 12.250000954 109.57137299 1.6023206711 1.6059979200 15.212324142
 1076.8584000 12.250000954 112.51653290 1.6279245615 1.5871834755 14.421196938
 1077.0108000 12.250000954 112.14482117 1.6845897436 1.5920958519 13.951375961
 1077.1632000 12.250000954 110.22903442 1.7564638853 1.6065244675 13.660027504
 1077.3156000 12.250000954 99.935264587 1.6899384260 1.6329569817 13.663309097
 1077.4680000 12.250000954 96.504013062 1.8083869219 1.7212743759 14.724984169
 1077.6204000 12.250000954  -999.250000 1.8101836443 1.7444977760 15.254655838
 1077.7728000 12.250000954  -999.250000  -999.250000  -999.250000 15.282596588
 1077.9252000 12.250000954  -999.250000  -999.250000  -999.250000 15.498217583
 1078.0776000 12.250000954  -999.250000  -999.250000  -999.250000 15.498448372
 1078.2300000 12.250000954  -999.250000  -999.250000  -999.250000 15.575260162
 1078.3824000 12.250000954  -999.250000  -999.250000  -999.250000 15.716624260
 1078.5348000 12.250000954  -999.250000  -999.250000  -999.250000 16.010995865
 1078.6872000 12.250000954  -999.250000  -999.250000  -999.250000 16.041898727
 1078.8396000 12.250000954  -999.250000  -999.250000  -999.250000 16.389274597
 1078.9920000 12.250000954  -999.250000  -999.250000  -999.250000 16.475893021
 1079.1444000 12.250000954  -999.250000  -999.250000  -999.250000 15.954042435
 1079.2968000 12.250000954  -999.250000  -999.250000  -999.250000 15.650821686
 1079.4492000 12.250000954  -999.250000  -999.250000  -999.250000 14.947044373
 1079.6016000 12.250000954  -999.250000  -999.250000  -999.250000 14.708442688
 1079.7540000 12.250000954  -999.250000  -999.250000  -999.250000 14.136491776
 1079.9064000 12.250000954  -999.250000  -999.250000  -999.250000 13.924649239
 1080.0588000 12.250000954  -999.250000  -999.250000  -999.250000 13.878755569
 1080.2112000 12.250000954  -999.250000  -999.250000  -999.250000 13.721056938
 1080.3636000 12.250000954  -999.250000  -999.250000  -999.250000 13.551509857
 1080.5160000 12.250000954  -999.250000  -999.250000  -999.250000 13.434570313
 1080.6684000 12.250000954  -999.250000  -999.250000  -999.250000 13.615200043
 1080.8208000 12.250000954  -999.250000  -999.250000  -999.250000 13.824891090
 1080.9732000 12.250000954  -999.250000  -999.250000  -999.250000 13.925080299
 1081.1256000 12.250000954  -999.250000  -999.250000  -999.250000 14.304262161
 1081.2780000 12.250000954  -999.250000  -999.250000  -999.250000 14.788295746
 1081.4304000 12.250000954  -999.250000  -999.250000  -999.250000 15.368297577
 1081.5828000 12.250000954  -999.250000  -999.250000  -999.250000 15.912825584
 1081.7352000 12.250000954  -999.250000  -999.250000  -999.250000 16.300298691
 1081.8876000 12.250000954  -999.250000  -999.250000  -999.250000 16.707696915
 1082.0400000 12.250000954  -999.250000  -999.250000  -999.250000 17.104894638
 1082.1924000 12.250000954  -999.250000  -999.250000  -999.250000 18.147825241
 1082.3448000 12.250000954  -999.250000  -999.250000  -999.250000 18.667356491
 1082.4972000 12.250000954  -999.250000  -999.250000  -999.250000 19.085161209
 1082.6496000 12.250000954  -999.250000  -999.250000  -999.250000 19.341493607
 1082.8020000 12.250000954  -999.250000  -999.250000  -999.250000 19.759754181
 1082.9544000 12.250000954  -999.250000  -999.250000  -999.250000 19.908784866
 1083.1068000  -999.250000  -999.250000  -999.250000  -999.250000  -999.250000
